1,0.90777,0.85536,0.80299,0.66797,0.65016,0.72722,0.71984,0.63267,0.54604,0.63085,0.59599,0.53591,0.52319,0.69918,0.58074,0.82859,0.75703,0.8537,0.80381,0.58587,0.59675,0.71991,0.72753,0.56867,0.62437,0.55391,0.5825,0.67878,0.61758,0.61303,0.60524,0.75967,0.72063,0.58571,0.53533,0.55672,0.58608,0.43737,0.64962,0.39541,0.58863,0.79429,0.76787,0.7096,0.69033,0.76639,0.7638,0.80685,0.76528,0.74574,0.66746,0.62941,0.59857,0.62292,0.6809,0.92313,0.86797,0.64701,0.60336,0.62921,0.43134,0.66372,0.57774,0.46919,0.41997,0.7004,0.64019,0.79295,0.70581,0.50155,0.44139,0.56298,0.51502,0.47882,0.46974,0.44494,0.33453,0.78204,0.76224,0.74248,0.65706,0.68359,0.6136,0.54652,0.55924,0.51628,0.50628,0.5792,0.64676,0.3,0.37093,0.31883,0.44725,0.5874,0.47015,0.5939,0.59964,0.44726,0.47872,0.38198,0.51005,0.48079,0.46212,0.41548,0.5069,0.37499,0.28266,0.44483,0.66957,0.50953,0.51849,0.49348,0.66123,0.54614,0.17068
0.90777,1,0.79562,0.80698,0.66435,0.64109,0.63773,0.66312,0.58829,0.51915,0.57126,0.56747,0.48,0.47848,0.67313,0.55402,0.82598,0.79096,0.86401,0.87419,0.64954,0.64883,0.74625,0.73377,0.56431,0.62897,0.57806,0.59196,0.67341,0.64448,0.66767,0.66025,0.80397,0.78166,0.6427,0.59226,0.61252,0.64423,0.49872,0.67233,0.42525,0.6325,0.79856,0.77262,0.73134,0.71723,0.76761,0.78427,0.79353,0.74322,0.71767,0.63378,0.62354,0.56171,0.63876,0.66225,0.88545,0.89565,0.57855,0.58445,0.55249,0.40982,0.63784,0.58205,0.4808,0.39974,0.74074,0.68852,0.85405,0.80143,0.49042,0.44706,0.50903,0.52392,0.4854,0.54639,0.52787,0.44361,0.79414,0.78917,0.74714,0.65274,0.70035,0.66418,0.51314,0.53082,0.50904,0.46692,0.58721,0.63173,0.37703,0.44748,0.40186,0.52217,0.60347,0.53331,0.63402,0.55617,0.51164,0.48704,0.42651,0.55685,0.55312,0.50327,0.499,0.5566,0.4561,0.34564,0.45745,0.70467,0.57763,0.57562,0.53455,0.69712,0.59545,0.23748
0.85536,0.79562,1,0.89971,0.83136,0.73645,0.87185,0.79541,0.75645,0.60765,0.59878,0.5695,0.58993,0.53263,0.75616,0.56504,0.78229,0.74234,0.80402,0.75558,0.68281,0.68088,0.86799,0.84803,0.76198,0.77725,0.68725,0.71778,0.6741,0.6161,0.7043,0.67462,0.80295,0.74985,0.72551,0.66767,0.5922,0.63151,0.52961,0.72189,0.437,0.63443,0.79628,0.79867,0.75685,0.75728,0.77215,0.79811,0.7959,0.79259,0.75479,0.72792,0.67594,0.60603,0.69318,0.73247,0.81873,0.78871,0.70709,0.6651,0.70634,0.5263,0.69755,0.6414,0.67302,0.58998,0.79557,0.75234,0.73516,0.68447,0.52825,0.48819,0.55936,0.53667,0.46751,0.45688,0.44415,0.36465,0.77413,0.76311,0.75567,0.72745,0.70591,0.66201,0.67064,0.69534,0.59791,0.60292,0.72235,0.7423,0.41669,0.51849,0.4511,0.59499,0.60898,0.5299,0.59281,0.61262,0.50087,0.54879,0.46966,0.58871,0.54807,0.50109,0.50206,0.56592,0.44068,0.34528,0.4706,0.66993,0.53845,0.54573,0.55704,0.68395,0.59594,0.23019
0.80299,0.80698,0.89971,1,0.8245,0.76046,0.79312,0.84897,0.7267,0.68433,0.55945,0.59469,0.54541,0.5628,0.7316,0.60916,0.75292,0.74081,0.81883,0.82184,0.67293,0.69804,0.88231,0.90547,0.72357,0.77573,0.71698,0.76222,0.65424,0.63212,0.71049,0.72194,0.84158,0.81324,0.74712,0.73513,0.60387,0.67583,0.5298,0.72165,0.43237,0.65451,0.77547,0.79579,0.73593,0.76885,0.74991,0.8005,0.74368,0.74761,0.71634,0.67607,0.67067,0.57661,0.66162,0.70233,0.76956,0.78561,0.60969,0.6508,0.64808,0.61569,0.68835,0.70277,0.70905,0.64595,0.79875,0.79602,0.7724,0.75562,0.56295,0.55114,0.5504,0.54126,0.48315,0.51407,0.53418,0.49964,0.76164,0.7656,0.74041,0.72674,0.69108,0.68775,0.66745,0.72199,0.56885,0.55094,0.69136,0.76677,0.53277,0.56524,0.5861,0.64422,0.61375,0.57947,0.58649,0.60717,0.52977,0.5542,0.55847,0.59433,0.5937,0.50366,0.53595,0.58399,0.51911,0.40056,0.48226,0.66164,0.59212,0.56134,0.58276,0.69277,0.60165,0.29971
0.66797,0.66435,0.83136,0.8245,1,0.79972,0.81446,0.77278,0.88456,0.75199,0.47644,0.47467,0.54384,0.45347,0.71885,0.51184,0.62649,0.59003,0.66963,0.64822,0.54371,0.5882,0.74722,0.72283,0.66528,0.62161,0.64418,0.73565,0.53317,0.48613,0.55025,0.55481,0.71236,0.66266,0.66429,0.64931,0.47994,0.51028,0.44492,0.58023,0.30144,0.47443,0.65626,0.68163,0.67151,0.69518,0.65215,0.69768,0.65274,0.6661,0.63942,0.62056,0.63685,0.53397,0.6338,0.63611,0.64137,0.65012,0.68506,0.68085,0.72674,0.66902,0.55403,0.57844,0.63464,0.69246,0.73622,0.70796,0.64851,0.63177,0.49414,0.51257,0.46194,0.44497,0.40775,0.42608,0.44639,0.40776,0.62975,0.62314,0.60954,0.59609,0.59191,0.57944,0.61396,0.60256,0.49563,0.51382,0.74057,0.72136,0.50539,0.58078,0.55646,0.61918,0.53482,0.5142,0.5204,0.53879,0.49795,0.53411,0.53378,0.58333,0.5574,0.46638,0.46174,0.49046,0.47058,0.40987,0.40611,0.57706,0.54014,0.51264,0.60186,0.63391,0.52032,0.27031
0.65016,0.64109,0.73645,0.76046,0.79972,1,0.68099,0.67335,0.7914,0.86143,0.48202,0.44925,0.53242,0.4416,0.68429,0.51639,0.56597,0.52084,0.62061,0.57685,0.41263,0.50839,0.61286,0.62565,0.4912,0.56609,0.48767,0.71937,0.45727,0.38285,0.37478,0.37898,0.5854,0.53991,0.53164,0.52911,0.41969,0.43294,0.3842,0.51441,0.2035,0.4151,0.61527,0.64416,0.57182,0.61492,0.60374,0.65026,0.63382,0.67712,0.66947,0.64919,0.71489,0.61784,0.61305,0.59126,0.62165,0.62388,0.69397,0.7017,0.6704,0.65324,0.47923,0.46949,0.57705,0.72077,0.65751,0.62643,0.59168,0.56323,0.34918,0.35001,0.37243,0.32113,0.33028,0.31595,0.28047,0.22245,0.56817,0.56344,0.55751,0.53128,0.53461,0.49686,0.61242,0.57314,0.54922,0.51393,0.72134,0.74082,0.43313,0.5138,0.496,0.51598,0.45298,0.37541,0.42492,0.43602,0.40157,0.48314,0.44434,0.47294,0.4468,0.37167,0.32881,0.41559,0.36344,0.31823,0.34792,0.44157,0.45044,0.49891,0.53926,0.55159,0.44018,0.24373
0.72722,0.63773,0.87185,0.79312,0.81446,0.68099,1,0.90724,0.84005,0.72085,0.63711,0.70582,0.70379,0.66321,0.77375,0.65787,0.70657,0.67309,0.65997,0.59638,0.52145,0.54161,0.73584,0.73843,0.61694,0.5996,0.55179,0.60143,0.68716,0.636,0.57305,0.58327,0.67508,0.65056,0.56164,0.56556,0.46996,0.49649,0.38999,0.59546,0.35047,0.57523,0.6942,0.71079,0.66022,0.68707,0.68968,0.67662,0.65211,0.68613,0.62167,0.59504,0.55411,0.51902,0.58416,0.62933,0.65723,0.6443,0.67672,0.58542,0.80863,0.66499,0.65742,0.67258,0.55365,0.61659,0.62264,0.59262,0.53881,0.48248,0.60274,0.54669,0.58702,0.54801,0.47023,0.43134,0.44273,0.33955,0.71023,0.71182,0.66357,0.66349,0.61937,0.6198,0.60933,0.62036,0.3655,0.44448,0.64903,0.62115,0.3395,0.38546,0.3632,0.43232,0.53705,0.43658,0.49111,0.50687,0.42507,0.4166,0.42374,0.46972,0.42955,0.34327,0.35026,0.40019,0.33537,0.25709,0.41593,0.56179,0.3668,0.34336,0.44926,0.52985,0.44312,0.22264
0.71984,0.66312,0.79541,0.84897,0.77278,0.67335,0.90724,1,0.77506,0.76043,0.63764,0.76762,0.66599,0.71624,0.76725,0.73129,0.7139,0.71039,0.65481,0.62462,0.53851,0.58932,0.74619,0.8028,0.60694,0.63296,0.5668,0.64178,0.70683,0.69241,0.60062,0.6457,0.68458,0.67917,0.56399,0.57095,0.47181,0.5152,0.41142,0.60974,0.36319,0.59787,0.68209,0.7093,0.63658,0.6823,0.68907,0.67099,0.63698,0.67658,0.61601,0.58132,0.5306,0.48201,0.57071,0.61938,0.65735,0.6668,0.6,0.56793,0.75042,0.71405,0.66586,0.73454,0.53946,0.62691,0.59141,0.5911,0.53535,0.4947,0.63721,0.59,0.59725,0.56615,0.4891,0.43757,0.47463,0.38095,0.7328,0.7435,0.66459,0.68186,0.62795,0.65592,0.59456,0.63369,0.36736,0.43052,0.59153,0.62992,0.35208,0.34316,0.40341,0.40097,0.52755,0.43587,0.4613,0.49396,0.42673,0.3985,0.45043,0.42836,0.43328,0.31819,0.35461,0.41231,0.32777,0.24782,0.43715,0.54294,0.33494,0.31299,0.43677,0.53425,0.44067,0.25756
0.63267,0.58829,0.75645,0.7267,0.88456,0.7914,0.84005,0.77506,1,0.80574,0.41207,0.49766,0.52603,0.41942,0.6298,0.46444,0.53285,0.49695,0.56281,0.52782,0.39868,0.45202,0.56333,0.57901,0.48655,0.46162,0.54363,0.63702,0.46569,0.41573,0.40002,0.3951,0.5894,0.55983,0.50819,0.53936,0.35118,0.40211,0.33139,0.47261,0.17443,0.40976,0.59863,0.62839,0.55759,0.60219,0.60859,0.63262,0.5964,0.6563,0.64747,0.63913,0.6219,0.541,0.58212,0.58632,0.58675,0.60757,0.75938,0.70991,0.80668,0.75476,0.45291,0.50343,0.4682,0.69569,0.61405,0.57762,0.53773,0.51042,0.42022,0.43205,0.41135,0.39034,0.33239,0.35508,0.36263,0.29534,0.53611,0.53816,0.48659,0.47237,0.45016,0.46309,0.53039,0.49637,0.34619,0.34991,0.72435,0.68164,0.37338,0.45977,0.40961,0.48408,0.44734,0.38594,0.43158,0.46433,0.39343,0.43476,0.45897,0.49105,0.43754,0.36827,0.30368,0.34011,0.36239,0.32542,0.29916,0.45789,0.41875,0.36858,0.49212,0.50398,0.3801,0.18422
0.54604,0.51915,0.60765,0.68433,0.75199,0.86143,0.72085,0.76043,0.80574,1,0.4996,0.54385,0.60888,0.51787,0.68847,0.61728,0.48204,0.46054,0.52269,0.47242,0.27065,0.3591,0.49661,0.54354,0.34465,0.39032,0.36322,0.56792,0.44163,0.39305,0.27209,0.33107,0.48505,0.46728,0.38485,0.42306,0.28848,0.32533,0.21868,0.35423,0.1235,0.35867,0.5016,0.53378,0.43309,0.50644,0.49989,0.51505,0.46914,0.54028,0.50615,0.47522,0.5752,0.51299,0.47336,0.44812,0.49477,0.52789,0.59207,0.60328,0.70089,0.77013,0.44536,0.49112,0.44243,0.68037,0.47038,0.46283,0.43676,0.40718,0.45123,0.44473,0.40787,0.34638,0.36848,0.3432,0.33996,0.27163,0.50931,0.5143,0.47384,0.44873,0.44203,0.4333,0.53667,0.47269,0.33126,0.32171,0.60635,0.60877,0.40034,0.42489,0.44773,0.4073,0.36536,0.27826,0.3016,0.3191,0.34434,0.38638,0.39941,0.37838,0.35016,0.26021,0.20588,0.27381,0.23537,0.2429,0.29523,0.34152,0.29376,0.32023,0.40938,0.38359,0.29744,0.2554
0.63085,0.57126,0.59878,0.55945,0.47644,0.48202,0.63711,0.63764,0.41207,0.4996,1,0.79405,0.88444,0.80198,0.80378,0.77555,0.71528,0.64879,0.57828,0.49024,0.29988,0.34418,0.56924,0.56328,0.4093,0.46552,0.31713,0.39757,0.66709,0.5931,0.38014,0.41575,0.40851,0.39015,0.25808,0.19586,0.37999,0.31649,0.20896,0.38295,0.34826,0.44013,0.51185,0.49159,0.42056,0.405,0.48914,0.42504,0.45885,0.42678,0.38202,0.29598,0.39927,0.41698,0.36885,0.36317,0.54677,0.53483,0.31222,0.25065,0.48942,0.30673,0.76295,0.61066,0.44399,0.29962,0.30203,0.27587,0.33661,0.25636,0.52808,0.42713,0.49676,0.42327,0.41186,0.30319,0.25806,0.14731,0.70277,0.67586,0.74748,0.70935,0.70683,0.60468,0.66071,0.59242,0.47672,0.58449,0.45001,0.40526,0.16877,0.15946,0.191,0.21416,0.35031,0.22229,0.31406,0.22995,0.26337,0.21636,0.15031,0.29068,0.24054,0.14138,0.25363,0.35531,0.096889,0.024811,0.38231,0.39923,0.12169,0.19192,0.24842,0.36168,0.31415,0.22054
0.59599,0.56747,0.5695,0.59469,0.47467,0.44925,0.70582,0.76762,0.49766,0.54385,0.79405,1,0.74063,0.83383,0.73067,0.8046,0.69493,0.69575,0.56293,0.53053,0.34836,0.40545,0.552,0.5894,0.37708,0.42248,0.32646,0.40357,0.72443,0.72878,0.45135,0.50172,0.49498,0.51925,0.29738,0.30304,0.40232,0.40772,0.2744,0.44062,0.36225,0.52441,0.5017,0.50104,0.42673,0.4405,0.49703,0.44727,0.44254,0.43701,0.35687,0.28131,0.33597,0.36418,0.36108,0.38674,0.52371,0.54097,0.36047,0.32869,0.54022,0.46684,0.70425,0.74942,0.31911,0.32003,0.33023,0.31369,0.38554,0.31757,0.56918,0.49454,0.55596,0.5288,0.46904,0.38651,0.37604,0.27428,0.67798,0.7123,0.66263,0.67718,0.64053,0.6479,0.526,0.5375,0.28102,0.41093,0.4166,0.419,0.20842,0.14696,0.22567,0.19238,0.39855,0.2947,0.32067,0.26819,0.27403,0.17458,0.26633,0.28879,0.25565,0.14673,0.22208,0.31494,0.17165,0.08655,0.3693,0.42863,0.15322,0.15908,0.22977,0.36998,0.29953,0.20526
0.53591,0.48,0.58993,0.54541,0.54384,0.53242,0.70379,0.66599,0.52603,0.60888,0.88444,0.74063,1,0.83433,0.85549,0.79556,0.57707,0.52971,0.4742,0.37413,0.26239,0.28512,0.54338,0.53055,0.42157,0.44327,0.32101,0.41958,0.57135,0.48891,0.29099,0.31403,0.32696,0.29596,0.20764,0.17211,0.30193,0.25335,0.16246,0.34609,0.30337,0.40908,0.45728,0.45477,0.39291,0.37486,0.45216,0.38293,0.40192,0.40341,0.35173,0.29804,0.36428,0.40989,0.35249,0.34939,0.44603,0.45576,0.3548,0.26854,0.5634,0.40277,0.66592,0.5376,0.46886,0.41858,0.25749,0.22057,0.2586,0.17574,0.48117,0.39055,0.44279,0.37048,0.36092,0.25009,0.20857,0.098948,0.59939,0.57338,0.64848,0.62561,0.60753,0.50802,0.67248,0.57828,0.39269,0.51438,0.49805,0.3983,0.1408,0.16153,0.16554,0.18887,0.3756,0.19454,0.27666,0.21358,0.23288,0.20996,0.11895,0.23481,0.17236,0.061405,0.1934,0.28084,0.060944,-0.0045282,0.29646,0.357,0.061975,0.13814,0.21014,0.27174,0.25092,0.20138
0.52319,0.47848,0.53263,0.5628,0.45347,0.4416,0.66321,0.71624,0.41942,0.51787,0.80198,0.83383,0.83433,1,0.79915,0.89844,0.64732,0.63928,0.47583,0.42599,0.36504,0.41223,0.56556,0.59848,0.44374,0.50023,0.35734,0.44511,0.70107,0.66922,0.40595,0.45662,0.42503,0.42869,0.27602,0.2944,0.41279,0.3705,0.29331,0.47748,0.39166,0.54535,0.51334,0.522,0.44528,0.43743,0.51948,0.45379,0.41119,0.39514,0.34199,0.27933,0.34087,0.39452,0.41763,0.43915,0.43854,0.44915,0.28211,0.19823,0.4891,0.35503,0.6917,0.68166,0.48213,0.36315,0.29243,0.27917,0.30991,0.24958,0.55196,0.48482,0.50062,0.45411,0.4074,0.33171,0.35212,0.24273,0.66081,0.65216,0.67336,0.70273,0.68957,0.66215,0.6188,0.63123,0.36468,0.51049,0.43916,0.36462,0.17899,0.10982,0.22125,0.15473,0.42999,0.30915,0.32234,0.2875,0.27071,0.19715,0.21411,0.20978,0.21057,0.077677,0.25883,0.35608,0.14709,0.032796,0.40403,0.40489,0.10223,0.092858,0.196,0.30181,0.29587,0.29861
0.69918,0.67313,0.75616,0.7316,0.71885,0.68429,0.77375,0.76725,0.6298,0.68847,0.80378,0.73067,0.85549,0.79915,1,0.8782,0.77713,0.73818,0.67912,0.62687,0.56989,0.5986,0.7464,0.7438,0.63253,0.6676,0.5175,0.64836,0.78658,0.70775,0.56957,0.58898,0.61738,0.57988,0.46201,0.4243,0.55929,0.52342,0.45767,0.62543,0.50001,0.6233,0.64796,0.65283,0.61372,0.59949,0.65731,0.62236,0.61345,0.57832,0.52064,0.46782,0.51453,0.5041,0.57472,0.57629,0.63164,0.62554,0.46145,0.41858,0.56898,0.43417,0.73225,0.66086,0.5587,0.44653,0.5221,0.48749,0.54891,0.47682,0.62455,0.55124,0.61709,0.555,0.54122,0.43935,0.39984,0.2913,0.78016,0.76081,0.78411,0.74196,0.82491,0.73745,0.6676,0.64308,0.53563,0.60199,0.59565,0.55187,0.3427,0.34192,0.37703,0.38237,0.55293,0.43901,0.50045,0.46045,0.43017,0.40766,0.33206,0.39642,0.41412,0.29541,0.43202,0.49686,0.31607,0.21753,0.48724,0.56768,0.34455,0.4003,0.44727,0.53426,0.51239,0.35337
0.58074,0.55402,0.56504,0.60916,0.51184,0.51639,0.65787,0.73129,0.46444,0.61728,0.77555,0.8046,0.79556,0.89844,0.8782,1,0.70959,0.71185,0.55337,0.51753,0.46441,0.51741,0.61181,0.66557,0.48762,0.5486,0.39106,0.51967,0.79089,0.77489,0.50628,0.57068,0.50479,0.51492,0.31741,0.31328,0.45116,0.42265,0.33586,0.51145,0.43068,0.60432,0.52974,0.54152,0.46039,0.46913,0.53502,0.48941,0.44881,0.42058,0.34651,0.27123,0.35331,0.40411,0.43674,0.44126,0.5119,0.52693,0.3043,0.2492,0.47488,0.38528,0.67275,0.65587,0.4193,0.32017,0.32501,0.30902,0.39747,0.3376,0.62795,0.56333,0.5893,0.55055,0.51197,0.41042,0.42735,0.31819,0.71843,0.7225,0.68698,0.68205,0.75242,0.74055,0.54172,0.54303,0.37483,0.46923,0.41778,0.37719,0.21152,0.14219,0.26217,0.18832,0.44758,0.35183,0.36386,0.33588,0.30401,0.23444,0.24771,0.23116,0.26574,0.14261,0.29217,0.39187,0.19772,0.084548,0.47645,0.46589,0.17588,0.19287,0.27801,0.35897,0.34629,0.34147
0.82859,0.82598,0.78229,0.75292,0.62649,0.56597,0.70657,0.7139,0.53285,0.48204,0.71528,0.69493,0.57707,0.64732,0.77713,0.70959,1,0.9498,0.79179,0.78432,0.6889,0.70318,0.77601,0.79202,0.64797,0.70395,0.56798,0.61039,0.89612,0.85204,0.74569,0.75514,0.8036,0.7797,0.60457,0.54627,0.63779,0.64339,0.51221,0.71656,0.51799,0.70747,0.80937,0.80934,0.75349,0.74251,0.80151,0.78294,0.75623,0.69709,0.62273,0.54612,0.5416,0.51974,0.63467,0.68362,0.82557,0.8076,0.46292,0.44223,0.5181,0.32065,0.82517,0.72932,0.52549,0.30826,0.65779,0.63682,0.7185,0.6608,0.63863,0.5851,0.66756,0.65234,0.61612,0.57078,0.52186,0.39571,0.95046,0.93375,0.90336,0.84418,0.86422,0.84871,0.59174,0.64365,0.54289,0.58515,0.53174,0.55029,0.31526,0.33311,0.3331,0.42295,0.58533,0.52237,0.62421,0.55958,0.50475,0.44502,0.36395,0.4952,0.50946,0.44818,0.52006,0.60198,0.41047,0.28357,0.5765,0.67099,0.46531,0.44695,0.47765,0.67934,0.60351,0.307
0.75703,0.79096,0.74234,0.74081,0.59003,0.52084,0.67309,0.71039,0.49695,0.46054,0.64879,0.69575,0.52971,0.63928,0.73818,0.71185,0.9498,1,0.72535,0.74914,0.71079,0.72293,0.76094,0.79635,0.64811,0.71239,0.58465,0.60618,0.90065,0.90979,0.77517,0.79462,0.78484,0.78816,0.59445,0.5562,0.59814,0.63875,0.50003,0.71933,0.50204,0.74751,0.76204,0.77733,0.71515,0.72541,0.76076,0.75392,0.71184,0.67337,0.58812,0.51701,0.49883,0.49148,0.6168,0.67421,0.78133,0.80331,0.43283,0.4285,0.49513,0.32799,0.78979,0.75264,0.50329,0.29426,0.63186,0.61807,0.66919,0.63092,0.6581,0.6125,0.65168,0.67869,0.61278,0.57707,0.55482,0.4479,0.90867,0.95891,0.84781,0.8406,0.82206,0.86958,0.5405,0.61702,0.45994,0.52353,0.49179,0.53166,0.29818,0.31449,0.31693,0.4134,0.56272,0.51045,0.60233,0.54161,0.4943,0.42506,0.35998,0.47974,0.50625,0.44238,0.50158,0.60572,0.42117,0.28726,0.53785,0.64407,0.45215,0.40931,0.44333,0.64607,0.5754,0.30654
0.8537,0.86401,0.80402,0.81883,0.66963,0.62061,0.65997,0.65481,0.56281,0.52269,0.57828,0.56293,0.4742,0.47583,0.67912,0.55337,0.79179,0.72535,1,0.95405,0.60839,0.64716,0.76574,0.73525,0.51014,0.5907,0.52087,0.56866,0.6719,0.63165,0.67505,0.69103,0.8677,0.85433,0.66976,0.64605,0.65882,0.67382,0.51358,0.66814,0.48336,0.63841,0.72212,0.71359,0.67668,0.68953,0.68735,0.73186,0.69346,0.63359,0.62339,0.5215,0.59977,0.49651,0.57875,0.59894,0.76794,0.7391,0.52674,0.55541,0.50022,0.42113,0.66873,0.62332,0.5078,0.41555,0.76901,0.74617,0.86879,0.82997,0.5159,0.49097,0.59659,0.57689,0.56848,0.56751,0.60108,0.53562,0.78636,0.76186,0.76849,0.66594,0.7347,0.66957,0.52644,0.54935,0.53554,0.49601,0.58234,0.61533,0.50287,0.53594,0.5158,0.59043,0.61171,0.56627,0.60891,0.56463,0.50805,0.50255,0.5102,0.61055,0.57401,0.53664,0.53025,0.55206,0.48439,0.3962,0.48023,0.70072,0.63305,0.60633,0.55144,0.69965,0.61732,0.27688
0.80381,0.87419,0.75558,0.82184,0.64822,0.57685,0.59638,0.62462,0.52782,0.47242,0.49024,0.53053,0.37413,0.42599,0.62687,0.51753,0.78432,0.74914,0.95405,1,0.65902,0.68919,0.77457,0.75444,0.53321,0.60843,0.55649,0.58203,0.67418,0.66278,0.73338,0.74541,0.90746,0.90524,0.70643,0.68872,0.68135,0.71416,0.55186,0.68935,0.50068,0.66044,0.71964,0.71245,0.68909,0.7052,0.6834,0.74515,0.68984,0.62354,0.58877,0.50526,0.55392,0.44474,0.57189,0.59928,0.74,0.74441,0.47624,0.53615,0.43359,0.38738,0.63633,0.6308,0.49027,0.36436,0.78459,0.77512,0.91184,0.89962,0.51362,0.50587,0.58524,0.60472,0.55534,0.61647,0.6553,0.60924,0.77064,0.77402,0.74654,0.65672,0.72499,0.69309,0.468,0.51837,0.5118,0.45519,0.54663,0.59293,0.53002,0.53129,0.5476,0.60223,0.60724,0.61549,0.63108,0.5748,0.51735,0.48421,0.53246,0.60474,0.60031,0.54174,0.56606,0.57986,0.556,0.42892,0.50063,0.72028,0.68217,0.62341,0.56323,0.71612,0.63976,0.2986
0.58587,0.64954,0.68281,0.67293,0.54371,0.41263,0.52145,0.53851,0.39868,0.27065,0.29988,0.34836,0.26239,0.36504,0.56989,0.46441,0.6889,0.71079,0.60839,0.65902,1,0.9045,0.77747,0.77979,0.76301,0.79288,0.65843,0.64808,0.68851,0.68995,0.85848,0.80256,0.74911,0.72399,0.70674,0.61983,0.70935,0.73957,0.72126,0.82097,0.68641,0.76909,0.61835,0.64573,0.66767,0.64414,0.64763,0.68767,0.61515,0.5603,0.5416,0.52115,0.42917,0.35155,0.61026,0.65532,0.60748,0.59611,0.38354,0.35245,0.32654,0.20644,0.47336,0.47652,0.5055,0.30806,0.65757,0.64829,0.66327,0.65519,0.57031,0.5515,0.61838,0.65843,0.55329,0.54399,0.53168,0.48591,0.65899,0.66866,0.59403,0.57573,0.69191,0.70135,0.3677,0.47496,0.49258,0.4502,0.48021,0.52523,0.37497,0.38568,0.42492,0.47276,0.62769,0.63597,0.62063,0.60928,0.47177,0.4493,0.42004,0.44123,0.53865,0.46708,0.64642,0.62954,0.50448,0.37899,0.49779,0.66588,0.57398,0.52936,0.5179,0.64966,0.67365,0.34397
0.59675,0.64883,0.68088,0.69804,0.5882,0.50839,0.54161,0.58932,0.45202,0.3591,0.34418,0.40545,0.28512,0.41223,0.5986,0.51741,0.70318,0.72293,0.64716,0.68919,0.9045,1,0.78069,0.7981,0.72547,0.77823,0.64226,0.72593,0.69893,0.72115,0.84308,0.8163,0.76386,0.75605,0.70387,0.64377,0.72708,0.73787,0.7479,0.8563,0.62676,0.77689,0.62854,0.66633,0.66638,0.65038,0.66635,0.71363,0.61423,0.56379,0.56147,0.52964,0.4993,0.41711,0.66716,0.70362,0.60845,0.58903,0.41161,0.39962,0.37235,0.3031,0.50613,0.53448,0.51073,0.38675,0.67765,0.67634,0.67156,0.66627,0.58354,0.58286,0.60467,0.63183,0.5549,0.50899,0.53343,0.49648,0.67492,0.69267,0.61021,0.61068,0.72121,0.77663,0.41026,0.50406,0.54882,0.52001,0.53791,0.61182,0.4306,0.43079,0.50695,0.50037,0.5955,0.6368,0.59158,0.6085,0.48408,0.46604,0.52368,0.4801,0.58297,0.47628,0.64517,0.64115,0.51063,0.39243,0.5328,0.62348,0.55365,0.49337,0.53539,0.66144,0.67124,0.3604
0.71991,0.74625,0.86799,0.88231,0.74722,0.61286,0.73584,0.74619,0.56333,0.49661,0.56924,0.552,0.54338,0.56556,0.7464,0.61181,0.77601,0.76094,0.76574,0.77457,0.77747,0.78069,1,0.95715,0.87402,0.88512,0.75496,0.76386,0.69966,0.6853,0.85688,0.82986,0.83192,0.78821,0.78915,0.7039,0.66979,0.69257,0.58584,0.76622,0.56648,0.69775,0.74748,0.75786,0.74405,0.74424,0.725,0.76537,0.69658,0.66783,0.62709,0.59246,0.55418,0.47961,0.6139,0.67238,0.7052,0.70437,0.48735,0.49335,0.52148,0.42611,0.7028,0.67047,0.71799,0.50494,0.75861,0.75233,0.72321,0.70206,0.5591,0.5283,0.56504,0.56868,0.49338,0.49531,0.52767,0.4864,0.77266,0.77619,0.77038,0.75802,0.74533,0.73768,0.63208,0.70347,0.59164,0.60111,0.59386,0.66488,0.49001,0.49638,0.5365,0.58924,0.61731,0.5851,0.57113,0.56729,0.49899,0.48575,0.46658,0.53208,0.5402,0.44602,0.58257,0.62198,0.47252,0.32531,0.52129,0.67392,0.53991,0.52082,0.52743,0.66836,0.63069,0.29966
0.72753,0.73377,0.84803,0.90547,0.72283,0.62565,0.73843,0.8028,0.57901,0.54354,0.56328,0.5894,0.53055,0.59848,0.7438,0.66557,0.79202,0.79635,0.73525,0.75444,0.77979,0.7981,0.95715,1,0.8569,0.89889,0.75309,0.79507,0.73123,0.73022,0.86269,0.85536,0.82339,0.78953,0.76011,0.68242,0.62545,0.66848,0.55715,0.75648,0.52014,0.70047,0.7462,0.76932,0.71797,0.73956,0.73016,0.76523,0.69289,0.67993,0.62907,0.59015,0.54331,0.49643,0.60086,0.67704,0.71815,0.72263,0.47751,0.48326,0.53349,0.46632,0.69124,0.67937,0.67524,0.50189,0.71647,0.7241,0.69595,0.67575,0.58812,0.55325,0.58566,0.57695,0.49575,0.47188,0.51377,0.46113,0.78218,0.7949,0.74965,0.75529,0.72966,0.74562,0.59849,0.69691,0.54435,0.56389,0.5464,0.65001,0.41859,0.41574,0.48614,0.51067,0.58657,0.5368,0.53794,0.5574,0.45271,0.44206,0.43151,0.44984,0.49279,0.37592,0.52366,0.57454,0.42428,0.27991,0.51177,0.63689,0.48141,0.44643,0.47781,0.62098,0.57669,0.27237
0.56867,0.56431,0.76198,0.72357,0.66528,0.4912,0.61694,0.60694,0.48655,0.34465,0.4093,0.37708,0.42157,0.44374,0.63253,0.48762,0.64797,0.64811,0.51014,0.53321,0.76301,0.72547,0.87402,0.8569,1,0.93946,0.80021,0.78816,0.59397,0.57533,0.78958,0.70823,0.67214,0.60242,0.72141,0.59803,0.54499,0.55124,0.53164,0.68083,0.50421,0.56977,0.63717,0.65044,0.66876,0.64114,0.63213,0.65585,0.61722,0.59198,0.54851,0.56256,0.43845,0.4258,0.55947,0.6309,0.58934,0.58562,0.41726,0.37274,0.42355,0.27438,0.54838,0.51646,0.67679,0.416,0.63568,0.6139,0.55761,0.52982,0.44015,0.41212,0.45669,0.45444,0.34652,0.35115,0.38524,0.34135,0.62022,0.61747,0.59473,0.61761,0.61933,0.61434,0.5174,0.61361,0.51083,0.52645,0.4751,0.54979,0.31188,0.35038,0.36438,0.4406,0.52226,0.50326,0.49941,0.53458,0.40246,0.4096,0.31332,0.37314,0.42519,0.33406,0.5213,0.55915,0.39243,0.25551,0.47037,0.57248,0.42721,0.39979,0.42213,0.54099,0.53349,0.25753
0.62437,0.62897,0.77725,0.77573,0.62161,0.56609,0.5996,0.63296,0.46162,0.39032,0.46552,0.42248,0.44327,0.50023,0.6676,0.5486,0.70395,0.71239,0.5907,0.60843,0.79288,0.77823,0.88512,0.89889,0.93946,1,0.78293,0.81747,0.65037,0.63169,0.80457,0.74239,0.70885,0.64893,0.71321,0.6101,0.59749,0.59453,0.56684,0.73581,0.52283,0.63668,0.67788,0.69753,0.69197,0.66814,0.68185,0.70527,0.6673,0.65028,0.60163,0.61024,0.48784,0.44939,0.59703,0.67461,0.64413,0.65031,0.42448,0.40661,0.41547,0.27029,0.60447,0.55504,0.69566,0.44187,0.66189,0.65394,0.61228,0.58073,0.4637,0.41903,0.50407,0.50006,0.38352,0.38295,0.37685,0.32516,0.68142,0.67848,0.66165,0.67541,0.68388,0.66512,0.55974,0.67033,0.58226,0.58789,0.49084,0.60876,0.30392,0.34726,0.37013,0.4326,0.55627,0.50623,0.54282,0.55761,0.41557,0.42648,0.31868,0.36687,0.4324,0.33617,0.51192,0.57521,0.38431,0.25886,0.49188,0.59165,0.4653,0.43465,0.42483,0.58014,0.55783,0.26464
0.55391,0.57806,0.68725,0.71698,0.64418,0.48767,0.55179,0.5668,0.54363,0.36322,0.31713,0.32646,0.32101,0.35734,0.5175,0.39106,0.56798,0.58465,0.52087,0.55649,0.65843,0.64226,0.75496,0.75309,0.80021,0.78293,1,0.85191,0.50391,0.5154,0.68963,0.6251,0.65931,0.61497,0.68162,0.63694,0.50045,0.5361,0.4601,0.63752,0.33003,0.52582,0.58963,0.6197,0.61394,0.61998,0.59623,0.64762,0.57831,0.57517,0.58856,0.5836,0.46409,0.42732,0.48165,0.61032,0.57997,0.59703,0.46553,0.44798,0.44614,0.35082,0.45816,0.4489,0.61816,0.47717,0.63205,0.62453,0.58312,0.56273,0.37112,0.38444,0.36907,0.38371,0.27354,0.33376,0.40314,0.39252,0.53471,0.55933,0.49537,0.51434,0.49374,0.56721,0.44753,0.5421,0.34972,0.33542,0.46897,0.585,0.31291,0.37124,0.36551,0.45613,0.48807,0.46441,0.45536,0.4987,0.34549,0.38728,0.35665,0.39232,0.39103,0.34935,0.43461,0.45036,0.35505,0.25721,0.39218,0.51571,0.43671,0.31003,0.38385,0.47726,0.40926,0.21018
0.5825,0.59196,0.71778,0.76222,0.73565,0.71937,0.60143,0.64178,0.63702,0.56792,0.39757,0.40357,0.41958,0.44511,0.64836,0.51967,0.61039,0.60618,0.56866,0.58203,0.64808,0.72593,0.76386,0.79507,0.78816,0.81747,0.85191,1,0.53996,0.51004,0.63952,0.59847,0.6514,0.59833,0.65425,0.59383,0.53131,0.52353,0.51326,0.65686,0.35796,0.51946,0.57386,0.615,0.58817,0.60466,0.59059,0.63747,0.57447,0.58625,0.60732,0.59056,0.57656,0.5323,0.5596,0.62291,0.58829,0.58594,0.53089,0.50283,0.50128,0.45599,0.47845,0.46181,0.63326,0.59988,0.64277,0.63279,0.60641,0.5773,0.41024,0.41667,0.4246,0.40179,0.34325,0.34307,0.35308,0.32042,0.57714,0.58744,0.53843,0.55124,0.57744,0.60575,0.51656,0.58143,0.50091,0.47323,0.57711,0.67672,0.38069,0.42821,0.46198,0.46989,0.48776,0.47375,0.45665,0.49642,0.35999,0.41662,0.41917,0.39657,0.43222,0.33436,0.46223,0.48934,0.37375,0.29217,0.44279,0.49889,0.4441,0.37734,0.45497,0.52638,0.47968,0.28689
0.67878,0.67341,0.6741,0.65424,0.53317,0.45727,0.68716,0.70683,0.46569,0.44163,0.66709,0.72443,0.57135,0.70107,0.78658,0.79089,0.89612,0.90065,0.6719,0.67418,0.68851,0.69893,0.69966,0.73123,0.59397,0.65037,0.50391,0.53996,1,0.94704,0.73922,0.76324,0.71456,0.73151,0.50492,0.48073,0.61779,0.60426,0.54221,0.70708,0.57143,0.75154,0.6827,0.69887,0.65049,0.6503,0.70079,0.66949,0.62966,0.57428,0.47702,0.40916,0.37846,0.38071,0.56573,0.61006,0.66034,0.6544,0.37402,0.33482,0.4514,0.28453,0.72937,0.71617,0.40022,0.22716,0.5313,0.51852,0.58467,0.53473,0.71161,0.65056,0.74655,0.72224,0.6701,0.58501,0.54331,0.42406,0.86954,0.87747,0.78581,0.75465,0.86215,0.879,0.45272,0.52411,0.38937,0.45144,0.41985,0.41845,0.25991,0.22924,0.26943,0.29874,0.55305,0.53622,0.57269,0.52442,0.44945,0.3507,0.35009,0.37677,0.4599,0.37887,0.48074,0.55487,0.41294,0.28443,0.59899,0.61236,0.37811,0.3687,0.42577,0.60447,0.56194,0.39555
0.61758,0.64448,0.6161,0.63212,0.48613,0.38285,0.636,0.69241,0.41573,0.39305,0.5931,0.72878,0.48891,0.66922,0.70775,0.77489,0.85204,0.90979,0.63165,0.66278,0.68995,0.72115,0.6853,0.73022,0.57533,0.63169,0.5154,0.51004,0.94704,1,0.77218,0.81243,0.70644,0.75096,0.50535,0.49679,0.57447,0.60505,0.50495,0.69062,0.5389,0.77387,0.63542,0.65645,0.60866,0.61748,0.65318,0.63564,0.56548,0.51676,0.43002,0.35418,0.34422,0.34396,0.52386,0.58084,0.61997,0.63886,0.31177,0.30197,0.40628,0.29731,0.69216,0.73745,0.37154,0.19604,0.49742,0.49949,0.54781,0.51992,0.70357,0.65486,0.71475,0.74667,0.64594,0.57956,0.58459,0.48473,0.82915,0.88437,0.73138,0.74146,0.80388,0.89641,0.40177,0.49504,0.31619,0.39897,0.36371,0.40463,0.25545,0.21003,0.27502,0.29541,0.53712,0.52548,0.53598,0.48633,0.4283,0.31309,0.35473,0.36085,0.44026,0.35551,0.45618,0.52764,0.38579,0.23867,0.56895,0.58491,0.35346,0.30166,0.36865,0.53964,0.50066,0.36617
0.61303,0.66767,0.7043,0.71049,0.55025,0.37478,0.57305,0.60062,0.40002,0.27209,0.38014,0.45135,0.29099,0.40595,0.56957,0.50628,0.74569,0.77517,0.67505,0.73338,0.85848,0.84308,0.85688,0.86269,0.78958,0.80457,0.68963,0.63952,0.73922,0.77218,1,0.96161,0.83119,0.82974,0.75003,0.6692,0.65163,0.69299,0.61132,0.75237,0.60008,0.72733,0.65275,0.6719,0.66608,0.67151,0.66292,0.70524,0.61415,0.56107,0.51227,0.47022,0.38259,0.33193,0.55188,0.62837,0.62852,0.63225,0.35764,0.35244,0.35476,0.25873,0.54032,0.56607,0.46373,0.26244,0.6698,0.67053,0.69328,0.69924,0.57726,0.55526,0.61965,0.66104,0.55162,0.56191,0.6121,0.57262,0.71454,0.74971,0.64146,0.63022,0.68696,0.74191,0.34423,0.47455,0.42197,0.41019,0.39604,0.49236,0.39401,0.38562,0.43,0.47562,0.5601,0.58794,0.57915,0.55151,0.4808,0.41383,0.415,0.44225,0.51074,0.42724,0.56764,0.59374,0.47021,0.31804,0.49018,0.64016,0.53082,0.46244,0.45345,0.60157,0.59988,0.28403
0.60524,0.66025,0.67462,0.72194,0.55481,0.37898,0.58327,0.6457,0.3951,0.33107,0.41575,0.50172,0.31403,0.45662,0.58898,0.57068,0.75514,0.79462,0.69103,0.74541,0.80256,0.8163,0.82986,0.85536,0.70823,0.74239,0.6251,0.59847,0.76324,0.81243,0.96161,1,0.83302,0.85739,0.72203,0.67079,0.61717,0.67808,0.56249,0.71403,0.54831,0.72333,0.64905,0.67097,0.65429,0.68054,0.66162,0.69813,0.58714,0.53724,0.47962,0.41419,0.38507,0.31871,0.55124,0.60805,0.6139,0.61969,0.3365,0.35244,0.37053,0.31204,0.56471,0.61449,0.45289,0.27385,0.64607,0.6578,0.67326,0.68514,0.64373,0.63354,0.64438,0.68351,0.59579,0.5965,0.66322,0.62791,0.74099,0.78189,0.66056,0.65223,0.70802,0.77776,0.35199,0.47603,0.39558,0.40076,0.38681,0.48539,0.4384,0.40496,0.47563,0.49032,0.54353,0.58956,0.57469,0.55199,0.50908,0.43459,0.46379,0.46885,0.5364,0.44527,0.55167,0.58251,0.47851,0.33387,0.51466,0.63572,0.53052,0.46185,0.46865,0.60247,0.58338,0.32075
0.75967,0.80397,0.80295,0.84158,0.71236,0.5854,0.67508,0.68458,0.5894,0.48505,0.40851,0.49498,0.32696,0.42503,0.61738,0.50479,0.8036,0.78484,0.8677,0.90746,0.74911,0.76386,0.83192,0.82339,0.67214,0.70885,0.65931,0.6514,0.71456,0.70644,0.83119,0.83302,1,0.97198,0.86628,0.84029,0.68465,0.75533,0.59925,0.7631,0.49469,0.70069,0.79949,0.82009,0.80283,0.84309,0.78132,0.85417,0.75922,0.72456,0.64833,0.60763,0.56743,0.44267,0.64685,0.70851,0.74977,0.7493,0.55584,0.59114,0.51939,0.44757,0.65838,0.70478,0.5955,0.44365,0.88404,0.88218,0.89408,0.89747,0.57109,0.58331,0.60055,0.62956,0.57029,0.62058,0.70794,0.66462,0.79513,0.79437,0.74527,0.69505,0.73259,0.75215,0.49453,0.59368,0.48958,0.45485,0.5822,0.63084,0.56149,0.5779,0.5905,0.66071,0.64327,0.67279,0.67576,0.65597,0.58768,0.56284,0.60022,0.65844,0.65993,0.59418,0.61493,0.63644,0.62759,0.48335,0.54073,0.73813,0.70907,0.60759,0.59717,0.74676,0.67602,0.33677
0.72063,0.78166,0.74985,0.81324,0.66266,0.53991,0.65056,0.67917,0.55983,0.46728,0.39015,0.51925,0.29596,0.42869,0.57988,0.51492,0.7797,0.78816,0.85433,0.90524,0.72399,0.75605,0.78821,0.78953,0.60242,0.64893,0.61497,0.59833,0.73151,0.75096,0.82974,0.85739,0.97198,1,0.82185,0.83569,0.6651,0.74727,0.58416,0.74152,0.48,0.71796,0.76351,0.78777,0.76202,0.81539,0.75156,0.82227,0.71269,0.67491,0.60234,0.54354,0.53144,0.40979,0.63154,0.68413,0.71167,0.72102,0.52452,0.56756,0.50357,0.46067,0.63094,0.71467,0.52979,0.41437,0.84416,0.8493,0.85381,0.87456,0.59775,0.6182,0.61636,0.65755,0.59099,0.65158,0.75704,0.71878,0.78056,0.80141,0.71529,0.67897,0.7197,0.77331,0.44772,0.5495,0.42754,0.40644,0.55618,0.59608,0.5645,0.56364,0.58832,0.64379,0.63019,0.67434,0.65963,0.63988,0.58074,0.54478,0.62072,0.65789,0.6558,0.59764,0.59617,0.62061,0.63721,0.49048,0.54122,0.71897,0.69154,0.57907,0.57776,0.71787,0.64857,0.34721
0.58571,0.6427,0.72551,0.74712,0.66429,0.53164,0.56164,0.56399,0.50819,0.38485,0.25808,0.29738,0.20764,0.27602,0.46201,0.31741,0.60457,0.59445,0.66976,0.70643,0.70674,0.70387,0.78915,0.76011,0.72141,0.71321,0.68162,0.65425,0.50492,0.50535,0.75003,0.72203,0.86628,0.82185,1,0.90825,0.59871,0.66474,0.56056,0.67123,0.39516,0.54371,0.70385,0.72998,0.74415,0.78479,0.67231,0.76906,0.66494,0.64405,0.59926,0.57828,0.54684,0.38237,0.57483,0.62046,0.61165,0.60798,0.54135,0.55537,0.46968,0.42055,0.49399,0.55678,0.65833,0.50451,0.87112,0.8743,0.73563,0.76508,0.43503,0.48115,0.42041,0.46181,0.4268,0.49213,0.61046,0.60695,0.61012,0.59911,0.57045,0.55183,0.57567,0.59418,0.45358,0.54732,0.44486,0.40734,0.54978,0.60215,0.59238,0.62719,0.63486,0.6985,0.57645,0.6019,0.58099,0.56507,0.54596,0.55404,0.59132,0.63847,0.61972,0.56462,0.59877,0.60956,0.60745,0.46684,0.48331,0.6445,0.66188,0.56276,0.57548,0.66123,0.62243,0.31123
0.53533,0.59226,0.66767,0.73513,0.64931,0.52911,0.56556,0.57095,0.53936,0.42306,0.19586,0.30304,0.17211,0.2944,0.4243,0.31328,0.54627,0.5562,0.64605,0.68872,0.61983,0.64377,0.7039,0.68242,0.59803,0.6101,0.63694,0.59383,0.48073,0.49679,0.6692,0.67079,0.84029,0.83569,0.90825,1,0.56932,0.66294,0.53228,0.6547,0.33933,0.53641,0.67859,0.71384,0.71313,0.78045,0.66035,0.76007,0.63165,0.62322,0.57415,0.55967,0.52849,0.36353,0.59342,0.63841,0.54767,0.55577,0.53969,0.57655,0.48202,0.47693,0.46933,0.56852,0.60859,0.53069,0.85541,0.87393,0.71009,0.76247,0.41452,0.48493,0.404,0.44999,0.41579,0.52359,0.63667,0.66607,0.56516,0.57724,0.5281,0.52951,0.5275,0.58783,0.43217,0.53486,0.36611,0.34529,0.56657,0.58882,0.62444,0.63671,0.64911,0.70007,0.55132,0.60005,0.573,0.58478,0.55511,0.56554,0.64476,0.65537,0.61993,0.566,0.54349,0.54774,0.63866,0.49941,0.42279,0.59807,0.68736,0.55006,0.5523,0.62338,0.57266,0.31246
0.55672,0.61252,0.5922,0.60387,0.47994,0.41969,0.46996,0.47181,0.35118,0.28848,0.37999,0.40232,0.30193,0.41279,0.55929,0.45116,0.63779,0.59814,0.65882,0.68135,0.70935,0.72708,0.66979,0.62545,0.54499,0.59749,0.50045,0.53131,0.61779,0.57447,0.65163,0.61717,0.68465,0.6651,0.59871,0.56932,1,0.83793,0.85383,0.82964,0.71606,0.71534,0.6145,0.61515,0.6061,0.57623,0.6387,0.65287,0.56488,0.48119,0.4993,0.45887,0.49555,0.40813,0.68212,0.63867,0.5039,0.48123,0.29368,0.26873,0.25632,0.14872,0.48619,0.47015,0.42673,0.25994,0.61622,0.59884,0.65926,0.64833,0.51236,0.50154,0.54902,0.53955,0.55335,0.54513,0.57564,0.52085,0.6337,0.60855,0.60583,0.54222,0.7054,0.6431,0.37524,0.45681,0.51418,0.45135,0.52071,0.49663,0.54129,0.47782,0.54668,0.50728,0.62775,0.68786,0.64062,0.5773,0.5687,0.49741,0.55654,0.4948,0.59728,0.50512,0.72235,0.66374,0.59313,0.47858,0.5826,0.67151,0.62204,0.58701,0.56036,0.68737,0.73838,0.41551
0.58608,0.64423,0.63151,0.67583,0.51028,0.43294,0.49649,0.5152,0.40211,0.32533,0.31649,0.40772,0.25335,0.3705,0.52342,0.42265,0.64339,0.63875,0.67382,0.71416,0.73957,0.73787,0.69257,0.66848,0.55124,0.59453,0.5361,0.52353,0.60426,0.60505,0.69299,0.67808,0.75533,0.74727,0.66474,0.66294,0.83793,1,0.73445,0.85188,0.62688,0.82079,0.6388,0.63688,0.62627,0.61087,0.65473,0.69151,0.59373,0.51276,0.52725,0.47927,0.50482,0.36871,0.65496,0.65429,0.55812,0.54657,0.36016,0.37166,0.3201,0.2598,0.50879,0.54202,0.49061,0.31571,0.66632,0.66865,0.70464,0.71787,0.56877,0.60339,0.5904,0.64015,0.59732,0.62406,0.6657,0.6384,0.64366,0.63807,0.61672,0.56601,0.66923,0.66195,0.42384,0.50866,0.50294,0.43226,0.58102,0.59435,0.59246,0.54929,0.61313,0.61434,0.63362,0.70172,0.65459,0.60698,0.60865,0.56841,0.62653,0.60586,0.67541,0.62045,0.75341,0.72948,0.64608,0.52122,0.52898,0.67366,0.68656,0.64017,0.61577,0.7344,0.77756,0.40454
0.43737,0.49872,0.52961,0.5298,0.44492,0.3842,0.38999,0.41142,0.33139,0.21868,0.20896,0.2744,0.16246,0.29331,0.45767,0.33586,0.51221,0.50003,0.51358,0.55186,0.72126,0.7479,0.58584,0.55715,0.53164,0.56684,0.4601,0.51326,0.54221,0.50495,0.61132,0.56249,0.59925,0.58416,0.56056,0.53228,0.85383,0.73445,1,0.83686,0.72913,0.65026,0.50276,0.52639,0.54497,0.51324,0.54494,0.57404,0.4936,0.42691,0.43594,0.44474,0.41703,0.34724,0.67037,0.6195,0.42181,0.39056,0.29753,0.28261,0.23498,0.1609,0.33551,0.37656,0.35562,0.26196,0.57964,0.57061,0.56545,0.5719,0.38238,0.36667,0.4672,0.47412,0.44548,0.42766,0.44091,0.39728,0.51176,0.49696,0.45539,0.42531,0.61492,0.58875,0.25144,0.35653,0.4794,0.38863,0.47983,0.4686,0.46282,0.4363,0.49332,0.46201,0.5985,0.70139,0.59127,0.59073,0.47012,0.45434,0.54228,0.43133,0.57724,0.48022,0.70038,0.60697,0.57238,0.47509,0.53875,0.55667,0.55088,0.52539,0.53521,0.63252,0.69497,0.45077
0.64962,0.67233,0.72189,0.72165,0.58023,0.51441,0.59546,0.60974,0.47261,0.35423,0.38295,0.44062,0.34609,0.47748,0.62543,0.51145,0.71656,0.71933,0.66814,0.68935,0.82097,0.8563,0.76622,0.75648,0.68083,0.73581,0.63752,0.65686,0.70708,0.69062,0.75237,0.71403,0.7631,0.74152,0.67123,0.6547,0.82964,0.85188,0.83686,1,0.67929,0.84404,0.71257,0.73999,0.73429,0.7015,0.75737,0.77793,0.68472,0.63609,0.6244,0.62516,0.54504,0.48041,0.74856,0.80407,0.64014,0.60548,0.44216,0.41308,0.40767,0.26849,0.55913,0.56428,0.55575,0.3907,0.7134,0.7068,0.69035,0.67542,0.54546,0.51753,0.59497,0.61496,0.52552,0.50088,0.51877,0.45547,0.70628,0.70875,0.66158,0.65165,0.73359,0.75601,0.48046,0.5904,0.5401,0.53367,0.59843,0.6284,0.4421,0.43665,0.4862,0.4982,0.71663,0.71198,0.67976,0.67946,0.53138,0.52596,0.54311,0.49623,0.58921,0.49273,0.68778,0.67488,0.56024,0.42602,0.57113,0.66926,0.60064,0.52849,0.52666,0.68964,0.72248,0.40068
0.39541,0.42525,0.437,0.43237,0.30144,0.2035,0.35047,0.36319,0.17443,0.1235,0.34826,0.36225,0.30337,0.39166,0.50001,0.43068,0.51799,0.50204,0.48336,0.50068,0.68641,0.62676,0.56648,0.52014,0.50421,0.52283,0.33003,0.35796,0.57143,0.5389,0.60008,0.54831,0.49469,0.48,0.39516,0.33933,0.71606,0.62688,0.72913,0.67929,1,0.68825,0.38637,0.39532,0.39535,0.35944,0.41419,0.41737,0.34766,0.27555,0.27263,0.24111,0.24095,0.22968,0.47324,0.44768,0.35511,0.32551,0.094007,0.071658,0.11698,0.037671,0.39824,0.37897,0.28806,0.098131,0.36465,0.35967,0.43865,0.42389,0.40055,0.35854,0.5613,0.55961,0.52547,0.44416,0.38458,0.32535,0.51276,0.48799,0.50439,0.4559,0.61293,0.53348,0.28154,0.34282,0.43195,0.38985,0.36503,0.34736,0.35584,0.30288,0.34055,0.32899,0.47537,0.53774,0.47632,0.44679,0.36406,0.33841,0.28128,0.30732,0.39093,0.32303,0.60627,0.50596,0.34544,0.25954,0.36273,0.49469,0.40167,0.44347,0.35348,0.49394,0.6196,0.36215
0.58863,0.6325,0.63443,0.65451,0.47443,0.4151,0.57523,0.59787,0.40976,0.35867,0.44013,0.52441,0.40908,0.54535,0.6233,0.60432,0.70747,0.74751,0.63841,0.66044,0.76909,0.77689,0.69775,0.70047,0.56977,0.63668,0.52582,0.51946,0.75154,0.77387,0.72733,0.72333,0.70069,0.71796,0.54371,0.53641,0.71534,0.82079,0.65026,0.84404,0.68825,1,0.59099,0.61511,0.57231,0.56649,0.62457,0.63934,0.52995,0.48221,0.48513,0.43466,0.44233,0.38108,0.61977,0.64845,0.56572,0.5655,0.32934,0.29228,0.38878,0.27943,0.57825,0.60166,0.48153,0.32286,0.54173,0.54342,0.58696,0.57721,0.65125,0.63513,0.67672,0.75269,0.62177,0.6024,0.5991,0.51535,0.71592,0.74683,0.65824,0.64907,0.72788,0.75888,0.46901,0.54501,0.45685,0.45534,0.54616,0.55981,0.36649,0.33159,0.39985,0.42497,0.57631,0.59934,0.57322,0.54658,0.48781,0.43763,0.44264,0.4505,0.52501,0.4422,0.61845,0.63546,0.45069,0.32952,0.49881,0.60309,0.48656,0.45934,0.46983,0.59997,0.64313,0.38924
0.79429,0.79856,0.79628,0.77547,0.65626,0.61527,0.6942,0.68209,0.59863,0.5016,0.51185,0.5017,0.45728,0.51334,0.64796,0.52974,0.80937,0.76204,0.72212,0.71964,0.61835,0.62854,0.74748,0.7462,0.63717,0.67788,0.58963,0.57386,0.6827,0.63542,0.65275,0.64905,0.79949,0.76351,0.70385,0.67859,0.6145,0.6388,0.50276,0.71257,0.38637,0.59099,1,0.97062,0.90869,0.88731,0.95567,0.94397,0.93485,0.86888,0.79378,0.74302,0.63232,0.56471,0.73784,0.80308,0.82099,0.79769,0.56999,0.56659,0.54953,0.34608,0.69724,0.63497,0.59134,0.40068,0.79974,0.76191,0.74344,0.71727,0.49676,0.47616,0.48371,0.48479,0.46277,0.51335,0.4957,0.40815,0.80641,0.77169,0.78107,0.73599,0.70661,0.68209,0.60341,0.66159,0.50385,0.52494,0.59334,0.58721,0.39941,0.47082,0.40316,0.50769,0.63177,0.54026,0.66585,0.6168,0.5874,0.57646,0.4474,0.5534,0.53611,0.48872,0.50511,0.55447,0.50134,0.35264,0.51605,0.677,0.56459,0.5055,0.48101,0.68736,0.61374,0.25148
