1,0.8533,0.82234,0.84297,0.67726,0.76233,0.7264,0.79913,0.57922,0.71524,0.74503,0.79684,0.69182,0.74406,0.75792,0.65329,0.77642,0.80329,0.8607,0.85167,0.5689,0.43125,0.74624,0.70551,0.68582,0.60868,0.7119,0.71032,0.67636,0.6391,0.55239,0.55024,0.72231,0.70618,0.66032,0.71895,0.47761,0.4051,0.29712,0.46385,0.083147,0.26153,0.5062,0.5181,0.44625,0.48423,0.49368,0.56375,0.53505,0.57674,0.4775,0.43321,0.38742,0.42599,0.45845,0.52373,0.85965,0.8078,0.74932,0.69501,0.62545,0.63967,0.71526,0.74255,0.442,0.52802,0.72574,0.71482,0.71893,0.71599,0.41052,0.44897,0.30292,0.2899,0.32098,0.39304,0.43996,0.44729,0.75037,0.69492,0.69932,0.67671,0.49626,0.60517,0.49533,0.44196,0.49347,0.38656,0.53462,0.50626,0.38696,0.35632,0.41602,0.44288,0.34671,0.27659,0.34523,0.23963,0.30611,0.308,0.45999,0.43487,0.35827,0.4459,0.28574,0.43295,0.28319,0.15457,0.23579,0.24418,0.25489,0.23325,0.30634,0.44428,0.39044,0.19006
0.8533,1,0.64537,0.70412,0.59392,0.67183,0.62769,0.73974,0.56958,0.71164,0.65201,0.79962,0.61253,0.66641,0.69068,0.58933,0.71062,0.81866,0.77298,0.80327,0.49849,0.35158,0.5752,0.50703,0.56213,0.51289,0.55871,0.55763,0.64729,0.6477,0.49662,0.46913,0.64101,0.64425,0.5206,0.61948,0.30626,0.24829,0.16264,0.30441,0.013393,0.16467,0.5599,0.56238,0.56341,0.61793,0.54276,0.63238,0.6027,0.6235,0.41318,0.36102,0.32876,0.36738,0.38502,0.49146,0.80637,0.89261,0.68453,0.68908,0.51302,0.60706,0.61226,0.73288,0.23558,0.41212,0.645,0.66219,0.6858,0.72877,0.38655,0.41824,0.26548,0.23788,0.23694,0.30066,0.33972,0.37098,0.66586,0.71898,0.61339,0.61841,0.35404,0.52894,0.30296,0.28195,0.28723,0.16474,0.37437,0.38995,0.26012,0.22891,0.26136,0.26778,0.27769,0.19848,0.34646,0.20213,0.29785,0.22674,0.35419,0.28382,0.28606,0.32755,0.1803,0.29168,0.19833,0.039532,0.13434,0.1917,0.17897,0.15834,0.2618,0.43437,0.28264,0.13524
0.82234,0.64537,1,0.90714,0.81168,0.78165,0.92051,0.86489,0.72717,0.72918,0.76747,0.73687,0.74589,0.77007,0.77266,0.74123,0.74909,0.72859,0.79202,0.74213,0.65556,0.49421,0.8935,0.84169,0.78365,0.65381,0.74955,0.74149,0.69253,0.64688,0.61998,0.60677,0.72912,0.6839,0.75447,0.75226,0.62794,0.53782,0.44701,0.59737,0.14305,0.33458,0.49885,0.51765,0.43646,0.45152,0.53171,0.55325,0.52407,0.5625,0.57788,0.55592,0.47019,0.50642,0.57582,0.59768,0.72627,0.6082,0.70267,0.60503,0.69143,0.66751,0.76127,0.70784,0.66934,0.71029,0.74691,0.73373,0.60579,0.58335,0.52104,0.54367,0.3565,0.37606,0.46185,0.50641,0.5077,0.50077,0.73831,0.67078,0.7235,0.74873,0.51764,0.59933,0.6372,0.61824,0.56857,0.47365,0.65124,0.61281,0.53411,0.52248,0.55734,0.59265,0.4721,0.44747,0.46204,0.40121,0.42492,0.45898,0.57865,0.56504,0.48237,0.55605,0.45386,0.57498,0.41543,0.31857,0.35993,0.38977,0.35622,0.37188,0.43391,0.48466,0.50967,0.18994
0.84297,0.70412,0.90714,1,0.75947,0.8483,0.84631,0.91201,0.6317,0.77322,0.73749,0.74526,0.68848,0.76638,0.7339,0.79719,0.77788,0.78227,0.82538,0.83091,0.69883,0.59051,0.88663,0.89379,0.73948,0.6776,0.7258,0.78462,0.73668,0.72904,0.67343,0.71328,0.81088,0.79623,0.77189,0.79893,0.65422,0.61764,0.48427,0.64713,0.24572,0.46962,0.36031,0.37659,0.35501,0.37407,0.42342,0.46224,0.43799,0.49506,0.46516,0.43343,0.40292,0.38367,0.54467,0.52626,0.74817,0.66702,0.69404,0.60941,0.69409,0.71922,0.76834,0.76828,0.60573,0.70083,0.75573,0.75483,0.67292,0.66294,0.57443,0.5923,0.46538,0.49441,0.55672,0.60451,0.61891,0.61505,0.77509,0.74073,0.74671,0.74956,0.60381,0.69765,0.59959,0.57155,0.59514,0.50607,0.65567,0.57436,0.59318,0.51566,0.63313,0.59954,0.47301,0.46991,0.47083,0.39335,0.47068,0.42921,0.63677,0.57168,0.57439,0.60586,0.51462,0.59919,0.50867,0.38896,0.42864,0.42154,0.44025,0.38575,0.41242,0.51348,0.57029,0.2
0.67726,0.59392,0.81168,0.75947,1,0.795,0.78956,0.77184,0.8637,0.80098,0.64871,0.65312,0.6425,0.68816,0.67471,0.62782,0.57079,0.62888,0.66929,0.6456,0.59414,0.43145,0.70911,0.65484,0.71627,0.51084,0.74423,0.63655,0.50166,0.48131,0.53121,0.51014,0.62075,0.61293,0.64231,0.66756,0.40909,0.35354,0.20879,0.3895,0.041756,0.19638,0.45624,0.47035,0.41494,0.43762,0.44902,0.52069,0.45351,0.50556,0.42247,0.45429,0.29226,0.37566,0.38331,0.47506,0.5788,0.57468,0.64073,0.58739,0.53937,0.67833,0.55847,0.61845,0.4988,0.64631,0.66641,0.67604,0.53973,0.54212,0.35917,0.36163,0.18694,0.20394,0.31166,0.34555,0.31621,0.31244,0.57689,0.58301,0.52171,0.58669,0.37442,0.48503,0.43834,0.42692,0.40543,0.30443,0.49343,0.49104,0.44666,0.41058,0.48537,0.44498,0.23115,0.21801,0.26149,0.1692,0.29197,0.28102,0.48283,0.46753,0.39046,0.43457,0.28486,0.39249,0.30797,0.1807,0.19561,0.13589,0.23569,0.19116,0.22764,0.36125,0.31562,0.023385
0.76233,0.67183,0.78165,0.8483,0.795,1,0.77167,0.82289,0.66665,0.82277,0.66443,0.70208,0.63067,0.68641,0.69642,0.78562,0.71456,0.72929,0.78105,0.77291,0.65652,0.60585,0.78123,0.74978,0.69631,0.62453,0.70175,0.78115,0.65447,0.67619,0.67362,0.67217,0.74976,0.75675,0.68706,0.73699,0.5537,0.518,0.33481,0.54585,0.14586,0.41266,0.38352,0.39603,0.37231,0.39767,0.4163,0.47248,0.44788,0.49346,0.39876,0.38983,0.33148,0.35886,0.47359,0.49388,0.70029,0.64687,0.66808,0.56495,0.62155,0.66828,0.64006,0.70125,0.48442,0.62164,0.69937,0.70149,0.61804,0.61159,0.50827,0.51003,0.38699,0.4055,0.3983,0.50092,0.51342,0.50569,0.70694,0.70973,0.65062,0.66682,0.5183,0.66095,0.50661,0.46614,0.53247,0.48215,0.58294,0.53522,0.4777,0.44133,0.49843,0.51515,0.39204,0.33195,0.37309,0.27021,0.38887,0.33571,0.50593,0.492,0.4626,0.4949,0.40587,0.49607,0.36546,0.3163,0.30199,0.30467,0.37526,0.31307,0.2632,0.38419,0.45749,0.16238
0.7264,0.62769,0.92051,0.84631,0.78956,0.77167,1,0.91562,0.78546,0.78552,0.77655,0.73195,0.79291,0.75608,0.72957,0.7626,0.74336,0.72782,0.76499,0.70463,0.64664,0.52751,0.81222,0.75963,0.68951,0.5831,0.63679,0.67354,0.74036,0.71965,0.6625,0.64677,0.72527,0.6895,0.65971,0.69179,0.6231,0.5543,0.46929,0.59732,0.17922,0.38658,0.44563,0.46085,0.42839,0.45576,0.52199,0.52104,0.49316,0.53263,0.53638,0.51099,0.44897,0.41899,0.56391,0.59009,0.63844,0.52905,0.67632,0.56539,0.7114,0.69538,0.71817,0.68721,0.55778,0.71844,0.67389,0.67674,0.55518,0.55507,0.63665,0.65198,0.44204,0.45994,0.53005,0.55448,0.56114,0.56327,0.72495,0.71985,0.7246,0.74588,0.51102,0.65094,0.58544,0.56136,0.48153,0.45126,0.62337,0.58671,0.52553,0.51782,0.52306,0.54965,0.52727,0.49681,0.52181,0.46219,0.47928,0.46647,0.57243,0.53434,0.52541,0.55688,0.48852,0.55601,0.44004,0.36295,0.39201,0.45424,0.37212,0.39251,0.4206,0.4666,0.5139,0.25016
0.79913,0.73974,0.86489,0.91201,0.77184,0.82289,0.91562,1,0.72885,0.86209,0.7427,0.81069,0.73128,0.78664,0.72524,0.78874,0.79372,0.81967,0.81816,0.79342,0.67915,0.57959,0.78765,0.76972,0.65983,0.598,0.64663,0.70805,0.77459,0.79513,0.67443,0.6889,0.80098,0.77907,0.67331,0.74285,0.62361,0.58253,0.47055,0.60526,0.22811,0.44762,0.39815,0.39522,0.4146,0.45483,0.49594,0.51593,0.4863,0.54853,0.47124,0.45612,0.39944,0.34721,0.55899,0.5749,0.71432,0.65228,0.71004,0.66187,0.71008,0.76944,0.75975,0.78507,0.45323,0.69445,0.71316,0.73034,0.65135,0.65881,0.62515,0.63917,0.49965,0.5,0.56731,0.57893,0.59937,0.59465,0.7733,0.78056,0.74614,0.72997,0.5592,0.71489,0.51735,0.48017,0.5175,0.43321,0.61557,0.57314,0.57381,0.50916,0.58145,0.54441,0.46584,0.47776,0.49711,0.41788,0.4949,0.43629,0.6322,0.54096,0.59475,0.5958,0.51075,0.56739,0.51132,0.38507,0.38109,0.42833,0.41444,0.3726,0.38853,0.51208,0.55863,0.2186
0.57922,0.56958,0.72717,0.6317,0.8637,0.66665,0.78546,0.72885,1,0.8058,0.58799,0.62586,0.69342,0.63264,0.62222,0.53696,0.52086,0.60697,0.58051,0.54343,0.48943,0.38724,0.55183,0.47316,0.56092,0.38826,0.59141,0.56635,0.49186,0.49905,0.46663,0.45171,0.54072,0.53126,0.43602,0.49857,0.33971,0.31128,0.17502,0.3239,0.012995,0.18649,0.43474,0.43385,0.37877,0.42336,0.46464,0.50718,0.46146,0.508,0.44105,0.47403,0.38248,0.40385,0.40763,0.50164,0.5148,0.52254,0.62931,0.56589,0.57165,0.67857,0.5037,0.57802,0.37454,0.60656,0.51086,0.5335,0.44645,0.47024,0.35776,0.37562,0.21142,0.20433,0.27629,0.28912,0.30363,0.3178,0.51087,0.58719,0.49385,0.55854,0.30482,0.4705,0.41571,0.39765,0.31189,0.25962,0.50928,0.53324,0.39936,0.38947,0.40348,0.3644,0.22383,0.24161,0.26902,0.20644,0.29947,0.30856,0.39276,0.37626,0.3329,0.36067,0.23339,0.27575,0.23942,0.12473,0.206,0.16536,0.21157,0.22085,0.27555,0.357,0.23432,0.058851
0.71524,0.71164,0.72918,0.77322,0.80098,0.82277,0.78552,0.86209,0.8058,1,0.64439,0.75983,0.69456,0.71641,0.70265,0.68434,0.64707,0.7191,0.7404,0.72224,0.59487,0.50498,0.6341,0.58564,0.58017,0.4742,0.60955,0.66256,0.61942,0.66466,0.58451,0.59047,0.67807,0.69288,0.52887,0.62826,0.44106,0.42006,0.2596,0.42417,0.11522,0.31623,0.39294,0.39215,0.37893,0.43062,0.4486,0.50784,0.43832,0.49141,0.37014,0.37556,0.31546,0.29119,0.41228,0.48613,0.60524,0.62272,0.6766,0.6624,0.61976,0.78887,0.56927,0.67763,0.33324,0.65115,0.60963,0.64143,0.58028,0.5964,0.47165,0.46455,0.36574,0.3311,0.39683,0.38306,0.42858,0.42769,0.65571,0.7176,0.607,0.61845,0.41733,0.59124,0.40439,0.35773,0.40141,0.30363,0.52953,0.52722,0.4495,0.39382,0.46125,0.40337,0.29371,0.29455,0.32574,0.24371,0.35163,0.29203,0.45774,0.40826,0.41191,0.43162,0.30354,0.33844,0.32894,0.20125,0.22775,0.23672,0.29842,0.24581,0.28497,0.42578,0.35245,0.097159
0.74503,0.65201,0.76747,0.73749,0.64871,0.66443,0.77655,0.7427,0.58799,0.64439,1,0.79004,0.89699,0.84476,0.77465,0.72973,0.67004,0.66094,0.73509,0.65395,0.55643,0.38765,0.73482,0.67347,0.65692,0.53513,0.72218,0.65004,0.64635,0.61122,0.47974,0.48279,0.5187,0.52853,0.54596,0.54789,0.49873,0.42612,0.28752,0.45169,0.12751,0.29288,0.34761,0.38295,0.27825,0.3135,0.37937,0.39411,0.31672,0.39966,0.40601,0.37633,0.36656,0.362,0.40287,0.44055,0.57476,0.52312,0.54157,0.49519,0.56671,0.60157,0.60373,0.56542,0.50208,0.59803,0.53278,0.52662,0.45139,0.43828,0.48481,0.5085,0.35223,0.33268,0.35673,0.41004,0.38293,0.39872,0.66336,0.65243,0.69025,0.74571,0.45739,0.56194,0.64846,0.57005,0.53387,0.44684,0.58794,0.56865,0.38954,0.38401,0.39102,0.42303,0.34719,0.29274,0.34764,0.28249,0.28482,0.25177,0.39988,0.40673,0.3317,0.38523,0.3055,0.43276,0.22646,0.16157,0.19396,0.26242,0.20167,0.20106,0.25825,0.31257,0.38261,0.15975
0.79684,0.79962,0.73687,0.74526,0.65312,0.70208,0.73195,0.81069,0.62586,0.75983,0.79004,1,0.7886,0.87996,0.779,0.7305,0.69228,0.77719,0.66598,0.64608,0.48788,0.3822,0.66669,0.60622,0.62324,0.54841,0.66012,0.66201,0.65138,0.69167,0.4266,0.43282,0.53402,0.5242,0.55365,0.60956,0.4412,0.37726,0.24194,0.38957,0.097593,0.22578,0.44842,0.45562,0.41346,0.46773,0.49142,0.51999,0.51934,0.59838,0.50619,0.48359,0.46606,0.44293,0.50171,0.56112,0.68201,0.69833,0.64707,0.65913,0.59907,0.66255,0.67033,0.72104,0.3536,0.52882,0.58062,0.5899,0.48559,0.49956,0.42628,0.4444,0.28554,0.23836,0.28475,0.31162,0.31445,0.33122,0.63979,0.67228,0.66922,0.69873,0.41601,0.57488,0.50083,0.4812,0.4739,0.34317,0.54315,0.58256,0.37935,0.37812,0.36078,0.38762,0.30791,0.28222,0.33938,0.2581,0.33137,0.31239,0.43001,0.39049,0.32102,0.39393,0.27008,0.39166,0.19525,0.12731,0.16315,0.2273,0.16207,0.18203,0.29596,0.4059,0.35169,0.17763
0.69182,0.61253,0.74589,0.68848,0.6425,0.63067,0.79291,0.73128,0.69342,0.69456,0.89699,0.7886,1,0.875,0.81347,0.75034,0.60325,0.61425,0.63672,0.5603,0.5313,0.43422,0.68202,0.62138,0.64529,0.537,0.69792,0.65572,0.62449,0.60339,0.43465,0.461,0.46994,0.46875,0.49976,0.51238,0.48253,0.4217,0.33185,0.4584,0.17554,0.3027,0.39446,0.40729,0.31517,0.35708,0.43529,0.42254,0.39871,0.49365,0.51363,0.48083,0.4959,0.44995,0.49735,0.51745,0.54327,0.4765,0.59106,0.53935,0.63644,0.63855,0.56203,0.55058,0.53299,0.6592,0.49715,0.49928,0.36507,0.36573,0.50054,0.52996,0.33507,0.30959,0.31015,0.37094,0.33533,0.36716,0.58613,0.61375,0.6759,0.75584,0.48581,0.60429,0.71062,0.62625,0.54505,0.50702,0.623,0.6427,0.38499,0.36223,0.3528,0.37311,0.39086,0.34544,0.36106,0.3038,0.30392,0.28137,0.37375,0.34568,0.30644,0.33004,0.31027,0.38923,0.20424,0.14392,0.24176,0.31669,0.17398,0.21518,0.27592,0.30421,0.33723,0.205
0.74406,0.66641,0.77007,0.76638,0.68816,0.68641,0.75608,0.78664,0.63264,0.71641,0.84476,0.87996,0.875,1,0.78747,0.78343,0.60378,0.63419,0.63466,0.5974,0.56376,0.44287,0.74835,0.72046,0.70832,0.60786,0.76249,0.69827,0.60996,0.60837,0.41855,0.44654,0.52179,0.50397,0.62155,0.62838,0.50735,0.44871,0.33088,0.4805,0.17887,0.29103,0.38099,0.38989,0.33815,0.37292,0.42392,0.41743,0.42065,0.52669,0.54842,0.52268,0.51623,0.50264,0.56358,0.54851,0.60626,0.55877,0.59582,0.58077,0.54569,0.61823,0.5996,0.60677,0.5271,0.66448,0.61783,0.62469,0.44849,0.43435,0.43994,0.47013,0.30449,0.27705,0.30504,0.3318,0.32118,0.34916,0.61122,0.59743,0.67963,0.76461,0.46725,0.57855,0.66157,0.64277,0.57364,0.51355,0.63146,0.64887,0.40217,0.35247,0.40839,0.38853,0.36733,0.32583,0.33806,0.27927,0.27901,0.25931,0.44912,0.38189,0.31845,0.37712,0.31138,0.43256,0.19247,0.12295,0.18072,0.2735,0.1554,0.16341,0.27744,0.36622,0.35913,0.15073
0.75792,0.69068,0.77266,0.7339,0.67471,0.69642,0.72957,0.72524,0.62222,0.70265,0.77465,0.779,0.81347,0.78747,1,0.81496,0.72962,0.73129,0.71913,0.68672,0.71301,0.5175,0.79507,0.72366,0.74334,0.69533,0.7511,0.72624,0.74811,0.6766,0.60496,0.60594,0.58354,0.59835,0.61781,0.61567,0.49343,0.42316,0.3799,0.50905,0.26339,0.36042,0.46288,0.46668,0.43105,0.44661,0.47999,0.50029,0.47674,0.51091,0.48769,0.42647,0.41537,0.44912,0.4899,0.53356,0.66458,0.59788,0.58128,0.54655,0.5299,0.60072,0.63962,0.65961,0.5192,0.57686,0.58927,0.58996,0.49608,0.49511,0.51283,0.50852,0.36712,0.32442,0.3237,0.35126,0.35353,0.37216,0.70808,0.69553,0.73517,0.76644,0.61961,0.67644,0.59024,0.56794,0.57426,0.46247,0.51665,0.56467,0.34617,0.28821,0.34962,0.34936,0.42572,0.35097,0.38348,0.29272,0.27215,0.232,0.37253,0.34734,0.29192,0.35392,0.29007,0.41681,0.24232,0.13672,0.23282,0.35341,0.1859,0.18558,0.22689,0.35627,0.36139,0.18681
0.65329,0.58933,0.74123,0.79719,0.62782,0.78562,0.7626,0.78874,0.53696,0.68434,0.72973,0.7305,0.75034,0.78343,0.81496,1,0.75106,0.71499,0.67982,0.67274,0.72609,0.66578,0.8316,0.8181,0.72934,0.70954,0.69491,0.76424,0.77406,0.77578,0.65978,0.7026,0.66659,0.6667,0.68981,0.68308,0.63063,0.61118,0.53943,0.67391,0.38218,0.57545,0.3175,0.32776,0.37018,0.38773,0.42742,0.41205,0.40118,0.43955,0.45361,0.38938,0.41568,0.37651,0.59232,0.55535,0.63962,0.52444,0.55498,0.45316,0.59784,0.5913,0.68107,0.68307,0.56752,0.6497,0.62029,0.63095,0.49709,0.48352,0.63558,0.60358,0.52236,0.53846,0.49598,0.55128,0.55306,0.54321,0.7247,0.72432,0.76036,0.8034,0.69056,0.76621,0.64746,0.6404,0.62719,0.63728,0.62488,0.60394,0.48812,0.41954,0.48947,0.5089,0.55243,0.54807,0.51805,0.45066,0.46666,0.3688,0.51887,0.48092,0.50168,0.51421,0.52847,0.61054,0.42409,0.40857,0.39861,0.49715,0.39261,0.34845,0.2971,0.40334,0.5564,0.30122
0.77642,0.71062,0.74909,0.77788,0.57079,0.71456,0.74336,0.79372,0.52086,0.64707,0.67004,0.69228,0.60325,0.60378,0.72962,0.75106,1,0.91056,0.79538,0.7984,0.66003,0.58522,0.78115,0.72009,0.65896,0.65577,0.61795,0.71893,0.9009,0.85719,0.75203,0.74269,0.79739,0.7736,0.63155,0.65384,0.60562,0.58455,0.51327,0.63064,0.25037,0.52357,0.37467,0.35667,0.41362,0.42233,0.49313,0.49212,0.45219,0.47967,0.40776,0.34525,0.38554,0.3199,0.55772,0.55431,0.82833,0.67519,0.63288,0.53971,0.68434,0.64083,0.84871,0.80982,0.47013,0.54559,0.62668,0.62033,0.66692,0.64701,0.6941,0.66385,0.56246,0.56721,0.54434,0.60211,0.64632,0.63248,0.92549,0.89355,0.89859,0.80206,0.62961,0.78908,0.55479,0.51147,0.53659,0.51406,0.60671,0.55961,0.50004,0.47103,0.52446,0.55244,0.5902,0.5723,0.61581,0.52525,0.52119,0.47253,0.58284,0.53398,0.55976,0.61374,0.53909,0.63988,0.46978,0.38814,0.48607,0.52022,0.4455,0.44389,0.41042,0.53314,0.5854,0.42843
0.80329,0.81866,0.72859,0.78227,0.62888,0.72929,0.72782,0.81967,0.60697,0.7191,0.66094,0.77719,0.61425,0.63419,0.73129,0.71499,0.91056,1,0.79276,0.81872,0.62005,0.55672,0.71357,0.63579,0.63427,0.60415,0.61046,0.69275,0.82475,0.85886,0.67777,0.66697,0.76191,0.75364,0.58385,0.655,0.53689,0.5122,0.40934,0.55646,0.17715,0.42448,0.45087,0.44639,0.47542,0.49984,0.54134,0.56863,0.50092,0.53808,0.40845,0.35532,0.35664,0.3316,0.50723,0.57309,0.82977,0.78677,0.64022,0.5801,0.66281,0.65212,0.81591,0.87214,0.35689,0.47042,0.6022,0.61657,0.66924,0.67357,0.57732,0.56122,0.44869,0.44999,0.47779,0.52951,0.52354,0.51285,0.82364,0.87661,0.78447,0.75622,0.53023,0.74073,0.45105,0.42055,0.45323,0.38173,0.54013,0.52397,0.46682,0.45238,0.46967,0.51344,0.4914,0.4622,0.54651,0.44242,0.4973,0.44858,0.52282,0.50242,0.49389,0.5589,0.43682,0.53359,0.40957,0.30104,0.38913,0.43259,0.38712,0.38376,0.40386,0.53435,0.52022,0.30005
0.8607,0.77298,0.79202,0.82538,0.66929,0.78105,0.76499,0.81816,0.58051,0.7404,0.73509,0.66598,0.63672,0.63466,0.71913,0.67982,0.79538,0.79276,1,0.95794,0.68382,0.57049,0.75885,0.71081,0.61572,0.5625,0.6202,0.6744,0.77971,0.74133,0.74439,0.73571,0.86551,0.8741,0.64006,0.70924,0.60373,0.5638,0.43179,0.58917,0.20953,0.44069,0.36609,0.3837,0.36483,0.40204,0.42434,0.48524,0.39248,0.42152,0.37395,0.32885,0.32177,0.31197,0.45623,0.47842,0.7439,0.66881,0.65059,0.57756,0.58755,0.61685,0.70742,0.70388,0.40285,0.54709,0.71394,0.71383,0.80778,0.79979,0.57644,0.58197,0.51434,0.51727,0.53647,0.581,0.64939,0.64216,0.82189,0.76935,0.72321,0.69311,0.55947,0.68308,0.46529,0.39323,0.44834,0.36966,0.55372,0.48842,0.50375,0.4593,0.51443,0.53492,0.46207,0.40903,0.47956,0.40114,0.41803,0.36487,0.54397,0.52424,0.51973,0.55388,0.43009,0.53479,0.4762,0.33943,0.39527,0.39748,0.46638,0.3811,0.38694,0.51572,0.54354,0.19706
0.85167,0.80327,0.74213,0.83091,0.6456,0.77291,0.70463,0.79342,0.54343,0.72224,0.65395,0.64608,0.5603,0.5974,0.68672,0.67274,0.7984,0.81872,0.95794,1,0.67218,0.59392,0.74382,0.71601,0.61258,0.57655,0.60225,0.67876,0.77375,0.75029,0.74974,0.76097,0.89699,0.91543,0.67126,0.7459,0.57001,0.5543,0.41453,0.57021,0.22328,0.46474,0.3616,0.36988,0.40046,0.4267,0.4123,0.48305,0.39081,0.4136,0.35092,0.2962,0.2907,0.27609,0.44176,0.45536,0.76874,0.70771,0.63875,0.56771,0.54959,0.59683,0.70545,0.73213,0.3955,0.53046,0.74264,0.74976,0.87307,0.86916,0.57788,0.58888,0.49514,0.52997,0.52247,0.59875,0.65938,0.66068,0.82133,0.78775,0.71925,0.69865,0.57031,0.69499,0.42423,0.37763,0.40408,0.34364,0.52253,0.45043,0.50262,0.42571,0.52231,0.51379,0.45735,0.40179,0.50057,0.40311,0.43809,0.34952,0.55553,0.50342,0.53354,0.55675,0.43519,0.52352,0.48799,0.32941,0.40411,0.39386,0.50304,0.38495,0.36603,0.5229,0.52822,0.20744
0.5689,0.49849,0.65556,0.69883,0.59414,0.65652,0.64664,0.67915,0.48943,0.59487,0.55643,0.48788,0.5313,0.56376,0.71301,0.72609,0.66003,0.62005,0.68382,0.67218,1,0.80813,0.7663,0.74313,0.70251,0.68747,0.66202,0.65788,0.74097,0.6898,0.82002,0.80387,0.70477,0.74089,0.65775,0.64431,0.67171,0.62895,0.51984,0.65445,0.42539,0.59079,0.21829,0.20139,0.30306,0.29389,0.31056,0.31264,0.28791,0.29544,0.29182,0.25009,0.26382,0.24531,0.45749,0.40021,0.51445,0.41752,0.45728,0.39538,0.47913,0.53772,0.59566,0.57078,0.51028,0.58253,0.601,0.61872,0.52338,0.50523,0.67478,0.6192,0.63813,0.59126,0.58071,0.5738,0.60978,0.59214,0.67974,0.64455,0.66867,0.63555,0.60507,0.69732,0.50473,0.48556,0.5687,0.49725,0.50246,0.47566,0.47572,0.38121,0.53841,0.48031,0.51464,0.46144,0.47497,0.38476,0.36512,0.27745,0.53257,0.48274,0.52514,0.52421,0.54126,0.58465,0.50433,0.42139,0.44942,0.48774,0.41456,0.32356,0.25312,0.40238,0.52607,0.21547
0.43125,0.35158,0.49421,0.59051,0.43145,0.60585,0.52751,0.57959,0.38724,0.50498,0.38765,0.3822,0.43422,0.44287,0.5175,0.66578,0.58522,0.55672,0.57049,0.59392,0.80813,1,0.63647,0.62516,0.55582,0.57307,0.48666,0.61269,0.67502,0.69629,0.73727,0.77561,0.70441,0.71388,0.56667,0.5472,0.75805,0.77692,0.66714,0.74729,0.59372,0.77079,0.11557,0.097373,0.21814,0.21857,0.26971,0.24156,0.21018,0.26807,0.30275,0.28752,0.32476,0.22125,0.53185,0.42939,0.46436,0.31229,0.38581,0.28653,0.53001,0.46257,0.57107,0.5396,0.49558,0.57303,0.51659,0.53419,0.51465,0.48277,0.72279,0.69279,0.72355,0.73047,0.68056,0.72105,0.70173,0.68075,0.58501,0.57352,0.63025,0.61005,0.63471,0.74723,0.5544,0.53289,0.54716,0.59701,0.58766,0.54273,0.61598,0.53239,0.62452,0.61364,0.59147,0.57741,0.56734,0.53921,0.5252,0.45099,0.61568,0.5731,0.66438,0.63044,0.71276,0.66641,0.63631,0.60635,0.59108,0.59893,0.59604,0.50871,0.3503,0.42793,0.63262,0.24791
0.74624,0.5752,0.8935,0.88663,0.70911,0.78123,0.81222,0.78765,0.55183,0.6341,0.73482,0.66669,0.68202,0.74835,0.79507,0.8316,0.78115,0.71357,0.75885,0.74382,0.7663,0.63647,1,0.95593,0.85457,0.79039,0.77525,0.78673,0.75477,0.69377,0.76245,0.75725,0.74843,0.73996,0.83243,0.78644,0.70071,0.63836,0.54014,0.68794,0.2754,0.50013,0.34276,0.36085,0.36395,0.33749,0.39629,0.40769,0.3888,0.4183,0.49057,0.4388,0.4223,0.44346,0.5737,0.50867,0.69654,0.52468,0.55283,0.43982,0.61693,0.59096,0.75168,0.67788,0.74268,0.70444,0.7308,0.72405,0.57152,0.53083,0.59402,0.60462,0.47865,0.49694,0.53424,0.56785,0.57532,0.5721,0.77744,0.70123,0.7854,0.81632,0.61433,0.64867,0.69329,0.69455,0.64518,0.57609,0.65039,0.58307,0.53176,0.47697,0.57625,0.59017,0.57201,0.5295,0.50615,0.46069,0.41546,0.40134,0.56505,0.53918,0.49717,0.54518,0.52937,0.63157,0.41749,0.34506,0.43047,0.48828,0.4075,0.39276,0.40712,0.44771,0.56833,0.23263
0.70551,0.50703,0.84169,0.89379,0.65484,0.74978,0.75963,0.76972,0.47316,0.58564,0.67347,0.60622,0.62138,0.72046,0.72366,0.8181,0.72009,0.63579,0.71081,0.71601,0.74313,0.62516,0.95593,1,0.81312,0.80178,0.72039,0.7608,0.70739,0.6443,0.73411,0.77435,0.7441,0.74551,0.84269,0.80196,0.67606,0.62588,0.54329,0.66548,0.31742,0.51066,0.25822,0.2688,0.30565,0.28024,0.31856,0.33476,0.34125,0.37458,0.46114,0.41384,0.42275,0.40455,0.55763,0.46758,0.62378,0.46615,0.54324,0.44011,0.58494,0.59796,0.71495,0.64484,0.73261,0.72012,0.73655,0.73548,0.57317,0.5391,0.58066,0.58807,0.46675,0.50108,0.54159,0.57566,0.5993,0.6084,0.74396,0.659,0.74805,0.77029,0.6688,0.65082,0.67005,0.68805,0.64978,0.59414,0.63555,0.56537,0.5616,0.46314,0.62663,0.57025,0.54337,0.52756,0.47357,0.4279,0.39874,0.37212,0.59896,0.52993,0.53139,0.55226,0.54222,0.62234,0.47737,0.37063,0.45615,0.47863,0.43072,0.36174,0.38229,0.44994,0.54896,0.2434
0.68582,0.56213,0.78365,0.73948,0.71627,0.69631,0.68951,0.65983,0.56092,0.58017,0.65692,0.62324,0.64529,0.70832,0.74334,0.72934,0.65896,0.63427,0.61572,0.61258,0.70251,0.55582,0.85457,0.81312,1,0.89144,0.85762,0.79108,0.5825,0.51656,0.61026,0.58456,0.6006,0.58636,0.78314,0.73102,0.50615,0.40966,0.36978,0.49095,0.2022,0.29405,0.4479,0.44756,0.46348,0.43482,0.4597,0.4786,0.45944,0.49805,0.49706,0.4912,0.39431,0.47672,0.49561,0.50098,0.65854,0.55672,0.53179,0.49293,0.53289,0.57429,0.66353,0.64453,0.7054,0.67787,0.71334,0.7216,0.51076,0.48395,0.44699,0.43631,0.25821,0.27143,0.27317,0.36147,0.36536,0.37575,0.64,0.59342,0.68509,0.71956,0.54256,0.55341,0.61451,0.63708,0.54763,0.474,0.54525,0.54198,0.38901,0.33949,0.43566,0.42846,0.41127,0.34448,0.36588,0.28194,0.2667,0.26209,0.41472,0.38464,0.3367,0.39301,0.35228,0.47519,0.26893,0.17265,0.27779,0.31255,0.25481,0.22163,0.25225,0.32164,0.36332,0.14629
0.60868,0.51289,0.65381,0.6776,0.51084,0.62453,0.5831,0.598,0.38826,0.4742,0.53513,0.54841,0.537,0.60786,0.69533,0.70954,0.65577,0.60415,0.5625,0.57655,0.68747,0.57307,0.79039,0.80178,0.89144,1,0.71905,0.79916,0.61712,0.56091,0.66425,0.66616,0.59198,0.60324,0.72476,0.68698,0.46181,0.39227,0.39089,0.46171,0.25805,0.36526,0.33489,0.32071,0.39721,0.36502,0.35054,0.36444,0.39716,0.4178,0.43074,0.39829,0.3955,0.42187,0.492,0.43711,0.58922,0.47425,0.44074,0.40975,0.45956,0.50591,0.63803,0.60933,0.61182,0.58318,0.61731,0.64218,0.481,0.45849,0.50028,0.46735,0.33711,0.33625,0.29611,0.35518,0.42107,0.44191,0.62131,0.58024,0.66022,0.65407,0.58217,0.56802,0.519,0.57095,0.51927,0.43981,0.46862,0.47406,0.32426,0.2297,0.38406,0.3273,0.46622,0.4026,0.36734,0.30069,0.23192,0.19688,0.36884,0.2925,0.32351,0.33717,0.35766,0.43736,0.29151,0.16905,0.34342,0.3955,0.25612,0.19803,0.21614,0.30876,0.34782,0.25958
0.7119,0.55871,0.74955,0.7258,0.74423,0.70175,0.63679,0.64663,0.59141,0.60955,0.72218,0.66012,0.69792,0.76249,0.7511,0.69491,0.61795,0.61046,0.6202,0.60225,0.66202,0.48666,0.77525,0.72039,0.85762,0.71905,1,0.83453,0.5269,0.48811,0.47492,0.48194,0.53389,0.52243,0.65918,0.5942,0.45933,0.38627,0.25758,0.46924,0.11807,0.29223,0.35962,0.3551,0.32287,0.32251,0.3633,0.36786,0.36709,0.43404,0.42716,0.43624,0.34846,0.4271,0.44262,0.44204,0.62992,0.54623,0.53549,0.50848,0.47652,0.55321,0.56695,0.57784,0.66249,0.62991,0.607,0.60377,0.49792,0.46445,0.33614,0.32035,0.26645,0.25371,0.22958,0.28321,0.29702,0.28772,0.60838,0.5592,0.62521,0.66952,0.46817,0.52263,0.64404,0.58672,0.65552,0.52978,0.59385,0.56768,0.31034,0.27983,0.36247,0.3708,0.28614,0.24261,0.25534,0.16584,0.17677,0.16875,0.33073,0.33626,0.23602,0.32516,0.24438,0.41715,0.17214,0.12473,0.18926,0.18139,0.17728,0.15899,0.16575,0.25793,0.32876,0.077293
0.71032,0.55763,0.74149,0.78462,0.63655,0.78115,0.67354,0.70805,0.56635,0.66256,0.65004,0.66201,0.65572,0.69827,0.72624,0.76424,0.71893,0.69275,0.6744,0.67876,0.65788,0.61269,0.78673,0.7608,0.79108,0.79916,0.83453,1,0.64543,0.64633,0.59434,0.63599,0.65264,0.64753,0.64756,0.61911,0.56295,0.5369,0.39465,0.5749,0.25075,0.48819,0.30245,0.29894,0.27694,0.2792,0.36758,0.35641,0.34173,0.4079,0.43245,0.42192,0.40954,0.41713,0.54949,0.50769,0.66052,0.52603,0.53064,0.46481,0.57855,0.58654,0.68198,0.65856,0.60886,0.62933,0.56945,0.5788,0.54899,0.50934,0.5002,0.46443,0.40348,0.41237,0.3815,0.44022,0.50612,0.48287,0.69124,0.6641,0.68924,0.70184,0.57504,0.65039,0.61512,0.59199,0.64941,0.56402,0.66075,0.61981,0.43602,0.36964,0.45508,0.45256,0.44166,0.41009,0.39104,0.33369,0.34819,0.30724,0.42701,0.38554,0.38021,0.41782,0.40949,0.49517,0.32626,0.28973,0.36962,0.36316,0.35139,0.31457,0.25695,0.32561,0.45004,0.24314
0.67636,0.64729,0.69253,0.73668,0.50166,0.65447,0.74036,0.77459,0.49186,0.61942,0.64635,0.65138,0.62449,0.60996,0.74811,0.77406,0.9009,0.82475,0.77971,0.77375,0.74097,0.67502,0.75477,0.70739,0.5825,0.61712,0.5269,0.64543,1,0.91234,0.81441,0.82275,0.78334,0.77717,0.58556,0.61764,0.70281,0.68618,0.6543,0.72261,0.46289,0.63837,0.27664,0.26248,0.33853,0.35665,0.42821,0.40837,0.39641,0.4265,0.41884,0.33708,0.44023,0.32268,0.61357,0.55322,0.71045,0.56535,0.57054,0.47622,0.63788,0.59293,0.78481,0.73625,0.40278,0.53263,0.5781,0.57673,0.61778,0.61473,0.7789,0.74613,0.68412,0.66211,0.63488,0.66917,0.70098,0.68615,0.85215,0.82902,0.85787,0.76418,0.72097,0.84938,0.53477,0.50364,0.51368,0.52653,0.59543,0.56876,0.52694,0.48018,0.52119,0.53312,0.6705,0.64975,0.66835,0.59888,0.55525,0.4777,0.60078,0.53179,0.59126,0.626,0.60207,0.66136,0.53534,0.47994,0.53299,0.61295,0.46524,0.45647,0.42153,0.53605,0.62633,0.38851
0.6391,0.6477,0.64688,0.72904,0.48131,0.67619,0.71965,0.79513,0.49905,0.66466,0.61122,0.69167,0.60339,0.60837,0.6766,0.77578,0.85719,0.85886,0.74133,0.75029,0.6898,0.69629,0.69377,0.6443,0.51656,0.56091,0.48811,0.64633,0.91234,1,0.75891,0.78091,0.76323,0.76263,0.52287,0.57945,0.69821,0.71441,0.61096,0.72766,0.39514,0.66463,0.26828,0.25729,0.34798,0.3635,0.44807,0.41159,0.38531,0.43135,0.38236,0.32788,0.39834,0.28636,0.62592,0.58538,0.66358,0.54946,0.5392,0.45945,0.6257,0.57039,0.74267,0.75271,0.32833,0.48372,0.52229,0.53221,0.59031,0.59613,0.75726,0.73265,0.69841,0.71233,0.66049,0.69247,0.68569,0.67813,0.80121,0.84343,0.78831,0.73759,0.60933,0.84229,0.48527,0.4465,0.49932,0.5166,0.59953,0.57495,0.54495,0.51556,0.51229,0.5674,0.66726,0.66339,0.67328,0.62331,0.60929,0.52344,0.59826,0.56652,0.61114,0.64557,0.62199,0.6802,0.54394,0.49143,0.53011,0.60414,0.49073,0.48915,0.44295,0.55975,0.67855,0.41202
0.55239,0.49662,0.61998,0.67343,0.53121,0.67362,0.6625,0.67443,0.46663,0.58451,0.47974,0.4266,0.43465,0.41855,0.60496,0.65978,0.75203,0.67777,0.74439,0.74974,0.82002,0.73727,0.76245,0.73411,0.61026,0.66425,0.47492,0.59434,0.81441,0.75891,1,0.95987,0.81452,0.86735,0.65273,0.6791,0.66153,0.63651,0.56103,0.62292,0.37037,0.60693,0.1564,0.13925,0.29749,0.27396,0.26246,0.28866,0.25965,0.24456,0.23751,0.19168,0.25646,0.17484,0.44528,0.35025,0.55199,0.40653,0.45996,0.3524,0.51996,0.54585,0.64335,0.59687,0.42047,0.54567,0.5903,0.61271,0.59162,0.57659,0.73941,0.69802,0.64582,0.65745,0.6278,0.64491,0.72871,0.72727,0.75681,0.72807,0.71506,0.63021,0.61749,0.69995,0.41297,0.40245,0.42095,0.40068,0.49,0.42453,0.50374,0.42802,0.56101,0.51903,0.58414,0.55142,0.55108,0.48876,0.44655,0.35595,0.55769,0.51677,0.58532,0.56531,0.57412,0.57635,0.5342,0.44453,0.53959,0.54538,0.51498,0.43693,0.36468,0.45983,0.54533,0.34008
0.55024,0.46913,0.60677,0.71328,0.51014,0.67217,0.64677,0.6889,0.45171,0.59047,0.48279,0.43282,0.461,0.44654,0.60594,0.7026,0.74269,0.66697,0.73571,0.76097,0.80387,0.77561,0.75725,0.77435,0.58456,0.66616,0.48194,0.63599,0.82275,0.78091,0.95987,1,0.83534,0.8934,0.65607,0.68454,0.69064,0.69989,0.61485,0.68226,0.45368,0.69469,0.09146,0.073945,0.24065,0.22053,0.22741,0.24412,0.22407,0.23286,0.25514,0.20413,0.30625,0.16969,0.49368,0.37207,0.53407,0.38259,0.47712,0.37083,0.56451,0.59062,0.66451,0.6201,0.46156,0.59686,0.58846,0.61291,0.61721,0.60035,0.75876,0.72616,0.69143,0.71402,0.68315,0.70101,0.77704,0.78393,0.75266,0.73773,0.73063,0.65244,0.70741,0.76681,0.47203,0.45592,0.4877,0.48711,0.55636,0.48603,0.59175,0.4754,0.63667,0.55446,0.61067,0.61653,0.58325,0.53255,0.49793,0.39601,0.61353,0.54427,0.65061,0.61326,0.62319,0.6086,0.61341,0.49636,0.60625,0.59321,0.58877,0.4875,0.40639,0.50161,0.58358,0.36142
0.72231,0.64101,0.72912,0.81088,0.62075,0.74976,0.72527,0.80098,0.54072,0.67807,0.5187,0.53402,0.46994,0.52179,0.58354,0.66659,0.79739,0.76191,0.86551,0.89699,0.70477,0.70441,0.74843,0.7441,0.6006,0.59198,0.53389,0.65264,0.78334,0.76323,0.81452,0.83534,1,0.96458,0.76195,0.81598,0.68224,0.67512,0.55496,0.65381,0.31192,0.57172,0.30982,0.29189,0.41245,0.42345,0.43098,0.47376,0.42499,0.45737,0.43542,0.38312,0.40959,0.31104,0.59317,0.53576,0.73065,0.615,0.68594,0.58166,0.66045,0.63929,0.78737,0.76933,0.49698,0.63728,0.81351,0.81552,0.83597,0.81969,0.69078,0.68761,0.59555,0.64654,0.64758,0.71856,0.78726,0.78046,0.80942,0.76061,0.76637,0.71072,0.62498,0.73261,0.50214,0.47561,0.45715,0.44972,0.62652,0.54033,0.66896,0.57387,0.67869,0.64303,0.56725,0.5377,0.63992,0.55455,0.60177,0.52231,0.72269,0.63317,0.7153,0.70778,0.61304,0.6622,0.66762,0.50608,0.56225,0.5586,0.67411,0.54951,0.49609,0.61997,0.62838,0.30611
0.70618,0.64425,0.6839,0.79623,0.61293,0.75675,0.6895,0.77907,0.53126,0.69288,0.52853,0.5242,0.46875,0.50397,0.59835,0.6667,0.7736,0.75364,0.8741,0.91543,0.74089,0.71388,0.73996,0.74551,0.58636,0.60324,0.52243,0.64753,0.77717,0.76263,0.86735,0.8934,0.96458,1,0.71844,0.78758,0.64333,0.64491,0.50951,0.614,0.30805,0.57993,0.24783,0.23138,0.35253,0.35752,0.35286,0.41068,0.34684,0.36485,0.34119,0.2848,0.3368,0.24369,0.50555,0.45431,0.66419,0.5744,0.62117,0.53669,0.60015,0.63807,0.7229,0.72215,0.43307,0.5996,0.75381,0.77069,0.81939,0.80767,0.68063,0.66501,0.59887,0.63589,0.63921,0.6908,0.7759,0.77905,0.80227,0.77955,0.73029,0.68618,0.61834,0.7285,0.44709,0.42233,0.42673,0.39991,0.56986,0.49111,0.62,0.50999,0.64645,0.58634,0.5289,0.50309,0.58038,0.49602,0.52603,0.42657,0.65938,0.58201,0.66566,0.64467,0.57003,0.58971,0.6227,0.44809,0.5272,0.52335,0.64525,0.4992,0.43583,0.57352,0.57675,0.28745
0.66032,0.5206,0.75447,0.77189,0.64231,0.68706,0.65971,0.67331,0.43602,0.52887,0.54596,0.55365,0.49976,0.62155,0.61781,0.68981,0.63155,0.58385,0.64006,0.67126,0.65775,0.56667,0.83243,0.84269,0.78314,0.72476,0.65918,0.64756,0.58556,0.52287,0.65273,0.65607,0.76195,0.71844,1,0.94098,0.62331,0.52443,0.45635,0.54775,0.25554,0.34668,0.40718,0.4109,0.50947,0.46428,0.42777,0.48006,0.47183,0.49656,0.52401,0.46799,0.431,0.43828,0.56214,0.51078,0.6407,0.53252,0.59759,0.51335,0.56385,0.54446,0.6902,0.63328,0.70736,0.69069,0.87524,0.86932,0.60619,0.57761,0.51986,0.52816,0.32497,0.38839,0.42321,0.5142,0.54264,0.54141,0.6221,0.54534,0.66786,0.70443,0.58477,0.54608,0.58956,0.6164,0.51948,0.48646,0.565,0.51115,0.56831,0.5094,0.59178,0.59374,0.49727,0.43041,0.493,0.41671,0.46634,0.43036,0.62211,0.55846,0.54016,0.57109,0.52491,0.60393,0.46928,0.36013,0.4255,0.43825,0.48548,0.41228,0.40577,0.4548,0.49959,0.21608
0.71895,0.61948,0.75226,0.79893,0.66756,0.73699,0.69179,0.74285,0.49857,0.62826,0.54789,0.60956,0.51238,0.62838,0.61567,0.68308,0.65384,0.655,0.70924,0.7459,0.64431,0.5472,0.78644,0.80196,0.73102,0.68698,0.5942,0.61911,0.61764,0.57945,0.6791,0.68454,0.81598,0.78758,0.94098,1,0.60586,0.51336,0.43299,0.52119,0.22976,0.32909,0.46461,0.46194,0.56543,0.54114,0.49644,0.5658,0.53236,0.55491,0.5211,0.46567,0.43019,0.41754,0.56142,0.54506,0.68479,0.61738,0.64984,0.59314,0.58561,0.58921,0.69956,0.69164,0.58404,0.64747,0.90591,0.92193,0.67566,0.66461,0.52826,0.54513,0.32571,0.37449,0.43239,0.52336,0.55645,0.56491,0.64414,0.59522,0.66177,0.6822,0.56979,0.57711,0.49693,0.51816,0.44017,0.39468,0.5234,0.47604,0.58544,0.52026,0.58694,0.57178,0.487,0.41237,0.50492,0.40298,0.49558,0.45219,0.63708,0.55332,0.57147,0.57743,0.50019,0.56239,0.47734,0.33913,0.43366,0.42417,0.50487,0.41638,0.42337,0.50998,0.49226,0.24696
0.47761,0.30626,0.62794,0.65422,0.40909,0.5537,0.6231,0.62361,0.33971,0.44106,0.49873,0.4412,0.48253,0.50735,0.49343,0.63063,0.60562,0.53689,0.60373,0.57001,0.67171,0.75805,0.70071,0.67606,0.50615,0.46181,0.45933,0.56295,0.70281,0.69821,0.66153,0.69064,0.68224,0.64333,0.62331,0.60586,1,0.93858,0.79975,0.88582,0.58351,0.74425,0.12919,0.13042,0.17036,0.16415,0.33318,0.25242,0.21648,0.28841,0.42386,0.36928,0.44392,0.33832,0.6667,0.53786,0.47455,0.2575,0.36652,0.23098,0.56343,0.36361,0.64956,0.49619,0.5277,0.52289,0.54023,0.52361,0.45573,0.4086,0.70657,0.72093,0.69708,0.72039,0.75816,0.80106,0.74775,0.69724,0.60123,0.52597,0.65871,0.6223,0.62364,0.70829,0.61963,0.56537,0.60088,0.63044,0.68991,0.60006,0.74083,0.73997,0.68139,0.76611,0.67977,0.71834,0.692,0.69808,0.68355,0.66893,0.72354,0.70881,0.73675,0.74947,0.82733,0.81471,0.67487,0.72369,0.70372,0.69239,0.66375,0.65056,0.53902,0.51281,0.81166,0.34742
0.4051,0.24829,0.53782,0.61764,0.35354,0.518,0.5543,0.58253,0.31128,0.42006,0.42612,0.37726,0.4217,0.44871,0.42316,0.61118,0.58455,0.5122,0.5638,0.5543,0.62895,0.77692,0.63836,0.62588,0.40966,0.39227,0.38627,0.5369,0.68618,0.71441,0.63651,0.69989,0.67512,0.64491,0.52443,0.51336,0.93858,1,0.77929,0.91274,0.61365,0.8601,0.020075,0.01357,0.093538,0.086746,0.25993,0.1698,0.12027,0.18872,0.33056,0.27778,0.39599,0.23366,0.63919,0.49332,0.42852,0.20563,0.32423,0.17542,0.54221,0.35651,0.6112,0.48058,0.47122,0.47284,0.46162,0.44525,0.43921,0.3905,0.72164,0.73509,0.77505,0.81955,0.81622,0.8496,0.79648,0.76074,0.59552,0.53976,0.64376,0.60147,0.60767,0.72821,0.59369,0.54343,0.57734,0.64098,0.68218,0.5948,0.77091,0.73995,0.72771,0.78006,0.67137,0.73607,0.70154,0.72092,0.71967,0.67177,0.74603,0.72864,0.78583,0.77353,0.86422,0.81532,0.70748,0.76778,0.7519,0.69176,0.71589,0.68443,0.54065,0.51684,0.8429,0.36509
0.29712,0.16264,0.44701,0.48427,0.20879,0.33481,0.46929,0.47055,0.17502,0.2596,0.28752,0.24194,0.33185,0.33088,0.3799,0.53943,0.51327,0.40934,0.43179,0.41453,0.51984,0.66714,0.54014,0.54329,0.36978,0.39089,0.25758,0.39465,0.6543,0.61096,0.56103,0.61485,0.55496,0.50951,0.45635,0.43299,0.79975,0.77929,1,0.85375,0.77214,0.7312,0.074996,0.067767,0.16404,0.1449,0.29024,0.18608,0.17836,0.2111,0.35831,0.28283,0.3821,0.26837,0.64595,0.48545,0.40017,0.15331,0.25254,0.12242,0.46142,0.27079,0.55207,0.41905,0.45178,0.41967,0.38633,0.37135,0.35883,0.31861,0.60951,0.61556,0.6199,0.66241,0.68228,0.68305,0.64396,0.61212,0.48215,0.42475,0.57551,0.51459,0.72278,0.67892,0.51325,0.49865,0.49966,0.59353,0.56743,0.51601,0.57829,0.5354,0.51465,0.58198,0.68077,0.74227,0.65276,0.69155,0.60801,0.58426,0.57352,0.53878,0.62921,0.61828,0.74439,0.70083,0.65873,0.65864,0.62314,0.6946,0.54629,0.57768,0.43824,0.41749,0.68524,0.33785
0.46385,0.30441,0.59737,0.64713,0.3895,0.54585,0.59732,0.60526,0.3239,0.42417,0.45169,0.38957,0.4584,0.4805,0.50905,0.67391,0.63064,0.55646,0.58917,0.57021,0.65445,0.74729,0.68794,0.66548,0.49095,0.46171,0.46924,0.5749,0.72261,0.72766,0.62292,0.68226,0.65381,0.614,0.54775,0.52119,0.88582,0.91274,0.85375,1,0.62074,0.81766,0.13756,0.14095,0.20156,0.18342,0.34371,0.25309,0.20324,0.24113,0.35466,0.29765,0.36166,0.27859,0.67152,0.56859,0.51084,0.27952,0.33851,0.18753,0.51245,0.3389,0.61819,0.51888,0.51939,0.46581,0.48422,0.46557,0.46993,0.42375,0.66889,0.67889,0.71269,0.75985,0.75469,0.76816,0.69829,0.67006,0.61812,0.57707,0.66673,0.62568,0.67657,0.77483,0.59709,0.54972,0.61847,0.70514,0.65819,0.58594,0.63355,0.61122,0.5932,0.69453,0.72531,0.76688,0.69227,0.71107,0.6381,0.61147,0.6358,0.64344,0.67186,0.69771,0.7853,0.79847,0.63946,0.68988,0.67578,0.69145,0.59999,0.60962,0.47866,0.48833,0.81893,0.36164
0.083147,0.013393,0.14305,0.24572,0.041756,0.14586,0.17922,0.22811,0.012995,0.11522,0.12751,0.097593,0.17554,0.17887,0.26339,0.38218,0.25037,0.17715,0.20953,0.22328,0.42539,0.59372,0.2754,0.31742,0.2022,0.25805,0.11807,0.25075,0.46289,0.39514,0.37037,0.45368,0.31192,0.30805,0.25554,0.22976,0.58351,0.61365,0.77214,0.62074,1,0.72205,-0.11425,-0.15517,-0.030477,-0.040386,0.046977,-0.049838,-0.046197,0.010626,0.11188,0.083576,0.18128,0.066785,0.34354,0.20936,0.13129,-0.0044974,0.044173,-0.0029602,0.20515,0.1474,0.28919,0.19016,0.20164,0.25614,0.16385,0.16404,0.16933,0.13644,0.48229,0.46041,0.56068,0.53383,0.54256,0.47656,0.50332,0.46872,0.27313,0.19833,0.34748,0.26315,0.73615,0.58268,0.2851,0.28793,0.36933,0.45852,0.32003,0.30366,0.40548,0.31825,0.36326,0.32628,0.36138,0.45204,0.34099,0.3697,0.35704,0.26204,0.37902,0.31608,0.45328,0.40794,0.55661,0.46105,0.54122,0.56664,0.44727,0.40859,0.33971,0.26525,0.093044,0.12708,0.44911,0.1678
0.26153,0.16467,0.33458,0.46962,0.19638,0.41266,0.38658,0.44762,0.18649,0.31623,0.29288,0.22578,0.3027,0.29103,0.36042,0.57545,0.52357,0.42448,0.44069,0.46474,0.59079,0.77079,0.50013,0.51066,0.29405,0.36526,0.29223,0.48819,0.63837,0.66463,0.60693,0.69469,0.57172,0.57993,0.34668,0.32909,0.74425,0.8601,0.7312,0.81766,0.72205,1,-0.10856,-0.14836,0.0069518,-0.0051646,0.13302,0.028312,-0.012803,0.021921,0.11491,0.073972,0.2164,0.036767,0.49844,0.34308,0.32495,0.1166,0.18566,0.055332,0.37328,0.27601,0.46254,0.3778,0.32569,0.34859,0.27194,0.26378,0.38239,0.32044,0.69863,0.68661,0.84265,0.86661,0.76882,0.75113,0.75506,0.72545,0.54266,0.50446,0.55819,0.47432,0.64184,0.72536,0.45301,0.4032,0.53429,0.61477,0.54457,0.46258,0.59531,0.49647,0.58485,0.56794,0.56563,0.65297,0.59223,0.60004,0.58203,0.45246,0.57922,0.54363,0.68032,0.62854,0.75836,0.69055,0.66503,0.71031,0.65047,0.59252,0.61653,0.51625,0.29843,0.36842,0.71723,0.39309
0.5062,0.5599,0.49885,0.36031,0.45624,0.38352,0.44563,0.39815,0.43474,0.39294,0.34761,0.44842,0.39446,0.38099,0.46288,0.3175,0.37467,0.45087,0.36609,0.3616,0.21829,0.11557,0.34276,0.25822,0.4479,0.33489,0.35962,0.30245,0.27664,0.26828,0.1564,0.09146,0.30982,0.24783,0.40718,0.46461,0.12919,0.020075,0.074996,0.13756,-0.11425,-0.10856,1,0.96379,0.88018,0.8825,0.91181,0.92699,0.88328,0.80635,0.66281,0.61212,0.40887,0.57974,0.44917,0.70388,0.5663,0.59681,0.51733,0.52155,0.26629,0.23978,0.32964,0.41263,0.25191,0.23901,0.5521,0.55189,0.39225,0.42128,0.15554,0.19808,-0.080905,-0.063541,-0.0096724,0.093914,0.0014478,0.029356,0.31076,0.33618,0.31338,0.38076,0.1014,0.19209,0.17464,0.23422,0.080711,-0.0047843,0.12076,0.26637,0.15215,0.1943,0.031215,0.1701,0.19671,0.068586,0.33475,0.19891,0.32214,0.36903,0.18735,0.17091,0.10262,0.16549,0.068377,0.1705,0.063098,-0.012568,-0.016043,0.12556,0.11138,0.2107,0.20571,0.25316,0.11777,0.057093
