1,0.57642,0.49602,0.49651,0.44575,0.268,0.52541,0.48761,0.3602,0.3386,0.55345,0.47736,0.43227,0.35734,0.39204,0.37086,0.62556,0.52595,0.63894,0.5155,0.33914,0.15858,0.26562,0.28427,0.040474,0.054371,0.32907,0.064127,0.45443,0.37884,0.18716,0.19498,0.49411,0.47716,0.072422,0.21063,0.41242,0.41473,0.41038,0.44481,0.39486,0.39833,0.13822,0.068307,0.10162,0.059042,0.16594,0.20135,0.19978,0.10804,0.23911,0.14757,0.16118,0.16305,0.29947,0.26501,0.67708,0.41647,0.34273,0.29056,0.46392,0.34659,0.55756,0.47707,0.16257,0.19378,0.21005,0.1498,0.43746,0.33339,0.3338,0.32009,0.32654,0.28154,0.2033,0.27673,0.3844,0.34905,0.39717,0.2939,0.38526,0.30618,0.36263,0.40102,0.3067,0.19634,0.32268,0.29939,0.42678,0.41572,0.31575,0.42908,0.31945,0.37847,0.16699,0.1254,0.3071,0.28862,0.33507,0.34279,0.19685,0.27649,0.19846,0.20477,0.16541,0.18242,0.14053,0.15655,0.16398,0.18781,0.32406,0.37424,0.39452,0.36333,0.26398,0.044148
0.57642,1,0.33138,0.43743,0.20959,0.2062,0.31018,0.29833,0.13525,0.060617,0.4298,0.32159,0.4529,0.23154,0.24039,0.26959,0.56562,0.48723,0.56088,0.76429,0.27309,0.28112,0.26376,0.1895,0.10428,0.13029,0.10809,0.037821,0.48435,0.47027,0.31394,0.33586,0.55943,0.62855,0.17693,0.35065,0.40259,0.38377,0.3725,0.33391,0.41195,0.4194,0.31461,0.31356,0.30027,0.3661,0.2442,0.34023,0.2466,0.20787,0.0023261,-0.046471,-0.10381,-0.034204,0.046738,0.099754,0.55698,0.76123,0.13687,0.3001,-0.052404,0.0018706,0.22836,0.080729,0.067457,-0.027882,0.33433,0.36628,0.70398,0.64552,0.41709,0.41973,0.42367,0.43393,0.46001,0.41264,0.57113,0.55656,0.42119,0.43187,0.30312,0.31115,0.14041,0.34838,0.21557,0.15718,0.14332,0.22686,0.14556,0.21483,0.25559,0.41035,0.40921,0.45453,0.38468,0.31753,0.55095,0.42812,0.41921,0.2762,0.35359,0.3629,0.41074,0.36211,0.33327,0.37087,0.26201,0.2293,0.31789,0.33442,0.54979,0.51736,0.51955,0.57619,0.45397,0.087067
0.49602,0.33138,1,0.68157,0.52673,0.49797,0.79922,0.67035,0.61391,0.5149,0.47671,0.29131,0.57398,0.31294,0.48256,0.31796,0.30045,0.25813,0.57313,0.35652,0.329,0.26766,0.62203,0.5568,0.29571,0.2851,0.37889,0.2635,0.30667,0.24195,0.43204,0.35794,0.48477,0.4444,0.28304,0.3017,0.28487,0.24459,0.33257,0.25332,0.33649,0.31803,0.068241,-0.0038971,0.22246,0.11916,0.068774,0.10634,0.16685,0.0074611,0.12673,0.077995,0.12803,0.13802,0.2777,0.23372,0.22306,0.19097,0.23397,0.26543,0.37963,0.41213,0.36023,0.34245,0.57756,0.44885,0.449,0.31818,0.16641,0.17046,0.39738,0.39855,0.29161,0.29645,0.32095,0.26017,0.30411,0.27661,0.15093,0.14008,0.24553,0.26395,0.25895,0.24069,0.45233,0.26018,0.1883,0.229,0.51803,0.37597,0.46575,0.59816,0.50932,0.51199,0.11366,0.12034,0.2279,0.19599,0.40564,0.31114,0.39543,0.46992,0.30778,0.2802,0.14138,0.22722,0.22447,0.12399,0.10374,0.14342,0.2452,0.29295,0.3526,0.2174,0.15921,0.050439
0.49651,0.43743,0.68157,1,0.47348,0.58903,0.57046,0.79144,0.46617,0.58085,0.38945,0.39763,0.44667,0.49248,0.40876,0.43051,0.41374,0.2908,0.54528,0.50495,0.5036,0.41281,0.60342,0.76363,0.33406,0.41724,0.40393,0.34825,0.44892,0.39808,0.56518,0.56736,0.63072,0.6617,0.31806,0.46898,0.45281,0.43343,0.46974,0.43773,0.41972,0.44405,0.22073,0.15238,0.2871,0.2396,0.27588,0.32249,0.26712,0.15818,0.18693,0.18737,0.19171,0.13306,0.34435,0.30993,0.35958,0.2882,0.31626,0.34365,0.26749,0.38397,0.37537,0.3668,0.40088,0.48268,0.48208,0.46256,0.41816,0.40182,0.5494,0.59357,0.41246,0.38275,0.41224,0.43398,0.5475,0.51622,0.26066,0.21279,0.26785,0.22493,0.30024,0.35318,0.36739,0.18314,0.31287,0.29713,0.44912,0.46351,0.57017,0.5802,0.59794,0.53234,0.31794,0.19311,0.43692,0.35172,0.5029,0.37447,0.50719,0.47538,0.33712,0.34428,0.2673,0.33272,0.32542,0.24142,0.27142,0.33341,0.43904,0.46369,0.42735,0.38297,0.29783,0.13848
0.44575,0.20959,0.52673,0.47348,1,0.32738,0.53854,0.49562,0.65361,0.47877,0.26565,0.36164,0.32345,0.3897,0.48311,0.39915,0.39422,0.35757,0.29749,0.13494,0.34927,0.020304,0.36996,0.37868,0.0096771,0.037993,0.46675,0.071058,0.23856,0.25451,0.22337,0.20705,0.30136,0.22814,0.12438,0.174,0.28438,0.20435,0.22549,0.19212,0.16876,0.11645,0.16874,0.15812,0.23162,0.17535,0.19311,0.25097,0.28924,0.20108,0.30807,0.24555,0.25085,0.14944,0.38439,0.23245,0.33461,0.17931,0.36905,0.34099,0.48253,0.41689,0.38628,0.42119,0.36267,0.36104,0.31962,0.24903,0.15915,0.13245,0.12525,0.11128,0.1006,0.052386,0.053631,0.092657,0.093605,0.043982,0.28159,0.19914,0.35127,0.32268,0.14789,0.27862,0.33067,0.11573,0.026948,0.094512,0.55119,0.3693,0.29985,0.30243,0.10735,0.15727,0.015388,-0.039201,0.10562,0.068816,0.15574,0.18088,0.067676,0.12689,0.0082131,0.011451,-0.035207,-0.015136,-0.012319,-0.030939,-0.091183,-0.017051,0.12374,0.085635,0.049911,-0.022542,-0.056019,0.0048093
0.268,0.2062,0.49797,0.58903,0.32738,1,0.45996,0.54702,0.47558,0.44867,0.30324,0.23024,0.31407,0.27008,0.19819,0.16295,0.16132,0.10867,0.34864,0.28772,0.43334,0.5082,0.37425,0.45977,0.35818,0.38375,0.33037,0.53469,0.19069,0.17251,0.41258,0.38728,0.43815,0.4677,0.18825,0.31766,0.10718,0.097047,0.34097,0.18336,0.32453,0.23614,0.17238,0.072988,0.29039,0.23258,0.1492,0.15488,0.32221,0.24529,0.21736,0.2374,0.12138,-0.00062902,0.22945,0.21217,0.17818,0.18861,0.38277,0.44271,0.30455,0.36798,0.25409,0.36944,0.23812,0.39756,0.35184,0.32628,0.17077,0.22191,0.36811,0.3798,0.23356,0.27065,0.37483,0.3334,0.36887,0.35643,0.1039,0.091219,0.1254,0.12449,0.16763,0.14112,0.13343,0.055333,0.31962,0.17326,0.34601,0.43802,0.48272,0.3761,0.49119,0.36835,0.22769,0.059897,0.32345,0.19713,0.43688,0.27237,0.4532,0.42399,0.37465,0.32464,0.24249,0.32745,0.44047,0.18856,0.20029,0.16731,0.29482,0.27763,0.32844,0.33477,0.29945,0.21351
0.52541,0.31018,0.79922,0.57046,0.53854,0.45996,1,0.71046,0.71104,0.52959,0.58512,0.39596,0.62654,0.37174,0.45477,0.34764,0.33565,0.25471,0.57941,0.30681,0.33714,0.22362,0.44942,0.3757,0.14286,0.15576,0.34876,0.20466,0.41375,0.34891,0.36818,0.31772,0.36371,0.36833,-0.010053,0.070692,0.24457,0.24427,0.25499,0.22945,0.31231,0.297,-0.01782,-0.063336,0.052129,-0.01209,-0.0012147,0.028512,0.07682,-0.041463,0.04858,0.047733,0.010928,-0.011734,0.20533,0.12553,0.14504,0.075869,0.15853,0.21747,0.48226,0.35987,0.44961,0.44923,0.45423,0.25897,0.20965,0.082985,0.092538,0.080614,0.36038,0.37269,0.25612,0.28957,0.30481,0.24876,0.23101,0.2125,0.1461,0.082819,0.30072,0.29209,0.24031,0.31975,0.40917,0.23951,0.17975,0.18881,0.55902,0.40356,0.37904,0.49567,0.4444,0.48982,0.11428,0.077542,0.15042,0.1381,0.34368,0.27886,0.36464,0.45099,0.29485,0.26059,0.1811,0.19282,0.23761,0.13035,0.059671,0.095883,0.091175,0.23762,0.34083,0.22117,0.15734,0.076259
0.48761,0.29833,0.67035,0.79144,0.49562,0.54702,0.71046,1,0.5615,0.66642,0.50425,0.46405,0.53114,0.58287,0.33763,0.38915,0.32865,0.24811,0.42798,0.2428,0.35272,0.20546,0.33845,0.49911,0.13137,0.13016,0.28614,0.18791,0.37307,0.37248,0.31135,0.31702,0.40486,0.40791,0.026451,0.21086,0.32841,0.32185,0.30894,0.27029,0.26353,0.2979,0.085887,0.0053624,0.15134,0.097495,0.16169,0.16912,0.20746,0.10788,0.20929,0.23095,0.17743,0.06552,0.36054,0.24605,0.22077,0.10157,0.35157,0.32567,0.47809,0.52665,0.42818,0.53335,0.37045,0.49156,0.24774,0.20447,0.13781,0.12315,0.38302,0.47151,0.24455,0.25641,0.25987,0.27622,0.3292,0.2859,0.17394,0.10435,0.22954,0.18387,0.16366,0.26935,0.32606,0.071418,0.15663,0.11024,0.50111,0.47449,0.46516,0.42791,0.43806,0.40701,0.15341,0.10405,0.2398,0.15472,0.40071,0.28869,0.35025,0.35805,0.23106,0.17851,0.10531,0.16797,0.23017,0.036131,0.074434,0.17482,0.14943,0.28606,0.27775,0.19155,0.14879,0.052982
0.3602,0.13525,0.61391,0.46617,0.65361,0.47558,0.71104,0.5615,1,0.51695,0.32037,0.18166,0.39789,0.2982,0.44416,0.27769,0.32695,0.2589,0.30014,0.11125,0.35253,0.24917,0.44476,0.40203,0.20115,0.19479,0.46541,0.29415,0.22322,0.24663,0.31685,0.24986,0.32988,0.29258,0.12116,0.12424,0.18055,0.11259,0.19363,0.19005,0.21751,0.17827,0.065484,0.0043945,0.1272,0.060525,0.05468,0.10601,0.18754,0.11286,0.18047,0.19342,0.10672,0.028505,0.24487,0.21882,0.2097,0.12171,0.2974,0.30985,0.50055,0.44109,0.41728,0.4853,0.46966,0.36004,0.22309,0.11665,0.089364,0.02956,0.35687,0.3067,0.17961,0.28558,0.2015,0.21656,0.12623,0.11229,0.18407,0.20173,0.31173,0.27291,0.18743,0.24873,0.32289,0.13127,0.1536,0.17633,0.50595,0.47273,0.40905,0.41941,0.34563,0.41568,0.084193,0.025856,0.14586,0.16576,0.31971,0.28123,0.2643,0.38495,0.23479,0.24112,0.20433,0.18795,0.23894,0.1155,0.033321,0.047873,0.078952,0.15602,0.27044,0.15199,0.10191,0.16301
0.3386,0.060617,0.5149,0.58085,0.47877,0.44867,0.52959,0.66642,0.51695,1,0.406,0.23438,0.37551,0.40698,0.33088,0.36232,0.23578,0.23612,0.20818,0.004708,0.27764,0.055653,0.26399,0.41951,0.046276,0.040997,0.36218,0.15758,0.19581,0.23578,0.09333,0.065684,0.27063,0.13025,0.0046639,0.098077,0.26534,0.21471,0.21464,0.2105,0.14956,0.16609,0.093695,0.020684,0.15627,0.079709,0.17548,0.14604,0.19472,0.06462,0.17312,0.13231,0.166,-0.0033928,0.30754,0.16052,0.11128,0.043729,0.33487,0.272,0.49308,0.55654,0.36876,0.51823,0.48356,0.4829,0.20089,0.12807,0.11919,0.10948,0.1869,0.25488,0.046523,0.11023,0.082807,0.13414,0.069129,0.051453,0.092219,0.092661,0.1922,0.1496,0.16297,0.21033,0.31563,0.050408,0.16559,0.17501,0.58273,0.39991,0.29804,0.26198,0.22516,0.24716,0.0091859,-0.0024037,0.10078,0.029852,0.16687,0.053775,0.1813,0.22643,0.054328,0.066713,-0.044242,0.007862,0.12285,0.015515,-0.020354,0.070232,0.048218,0.12416,0.074732,0.01521,0.027086,0.023222
0.55345,0.4298,0.47671,0.38945,0.26565,0.30324,0.58512,0.50425,0.32037,0.406,1,0.43071,0.71115,0.37913,0.29205,0.28385,0.477,0.37837,0.51098,0.39123,0.291,0.099053,0.20107,0.19215,-0.025399,-0.021763,0.13869,-0.026598,0.3781,0.40841,0.15125,0.12238,0.27242,0.26182,-0.066382,0.049343,0.29697,0.26297,0.25093,0.23125,0.26191,0.25993,0.059459,0.030366,0.058244,0.046426,0.092056,0.1065,0.059141,-0.00057443,-0.041559,-0.050215,-0.10227,-0.086887,0.10594,0.061295,0.24656,0.22932,0.09485,0.1949,0.26779,0.25632,0.44978,0.2771,0.25451,0.17972,0.087228,0.077248,0.21339,0.20082,0.25982,0.2655,0.18164,0.15859,0.26303,0.24592,0.26208,0.23242,0.27362,0.18399,0.32506,0.35056,0.13464,0.35101,0.30499,0.19676,0.165,0.20741,0.35862,0.25391,0.22898,0.32841,0.30648,0.35705,0.13834,0.064673,0.21872,0.11633,0.25141,0.19825,0.19892,0.32338,0.21036,0.19057,0.15564,0.18298,0.14028,0.076492,0.086063,0.15904,0.1557,0.24381,0.27319,0.26754,0.2172,0.1465
0.47736,0.32159,0.29131,0.39763,0.36164,0.23024,0.39596,0.46405,0.18166,0.23438,0.43071,1,0.41981,0.59952,0.30815,0.45082,0.34576,0.42823,0.43255,0.34046,0.24346,0.0068287,0.16858,0.25149,-0.113,-0.043364,0.092492,-0.13027,0.51827,0.50528,0.18224,0.23937,0.22263,0.27238,-0.11526,0.024488,0.38602,0.44185,0.28658,0.3309,0.26128,0.26712,0.13829,0.10265,0.03241,0.0082302,0.26386,0.22459,0.17379,0.15299,0.39792,0.33754,0.33615,0.34577,0.41807,0.37372,0.1748,0.05481,0.20492,0.12164,0.19063,0.12082,0.40491,0.16406,-0.049522,0.14133,0.11894,0.12345,0.18252,0.20067,0.12364,0.19639,0.089943,0.042731,0.10122,0.06392,0.30293,0.26464,0.26488,0.13588,0.34037,0.35712,0.19594,0.44376,0.3488,0.42107,0.12645,0.25162,0.27228,0.29624,0.3746,0.31872,0.14398,0.14039,0.11827,0.027709,0.16374,0.08578,0.21446,0.28001,0.14415,0.16324,0.070498,0.11406,0.057074,0.09517,-0.0081831,0.011777,0.087397,0.13968,0.12388,0.16962,0.07113,0.11948,0.10241,0.030758
0.43227,0.4529,0.57398,0.44667,0.32345,0.31407,0.62654,0.53114,0.39789,0.37551,0.71115,0.41981,1,0.48229,0.49642,0.42065,0.37935,0.35394,0.48489,0.40779,0.2894,0.13371,0.40521,0.35876,0.10837,0.10761,0.2265,0.10071,0.40591,0.41706,0.23143,0.21881,0.35546,0.34211,0.089299,0.18109,0.34383,0.29995,0.29227,0.27288,0.33994,0.32042,0.08881,0.062498,0.13428,0.12715,0.099082,0.1356,0.09421,0.033292,0.019303,0.027072,-0.071227,0.0072965,0.18217,0.12899,0.13959,0.21174,0.084553,0.20915,0.1921,0.27194,0.34701,0.18559,0.38676,0.33268,0.23339,0.23765,0.1538,0.1711,0.33535,0.36523,0.24914,0.27069,0.28563,0.2924,0.33084,0.32935,0.27481,0.24884,0.36221,0.44278,0.19395,0.39138,0.49304,0.33332,0.14813,0.26367,0.36402,0.28034,0.40728,0.42162,0.40749,0.46801,0.10626,0.064798,0.20152,0.086268,0.33219,0.17959,0.3161,0.43439,0.23954,0.27904,0.091988,0.26598,0.16514,0.11542,0.031323,0.097461,0.14653,0.21512,0.3029,0.18657,0.20164,0.10349
0.35734,0.23154,0.31294,0.49248,0.3897,0.27008,0.37174,0.58287,0.2982,0.40698,0.37913,0.59952,0.48229,1,0.44918,0.57432,0.38215,0.36077,0.18136,0.1632,0.26697,0.022508,0.23536,0.43052,0.026614,0.051794,0.26206,0.020482,0.29551,0.41885,0.11442,0.19616,0.25375,0.20978,0.10517,0.20147,0.36582,0.31319,0.14439,0.24102,0.1289,0.20196,0.077242,0.0085019,0.10902,0.079334,0.22946,0.16745,0.16735,0.086778,0.33788,0.2617,0.38051,0.26263,0.51213,0.32632,0.18279,0.13542,0.25465,0.19908,0.32635,0.40714,0.4438,0.34559,0.26437,0.47639,0.20333,0.21225,0.16492,0.15594,0.26673,0.24983,0.073894,0.07202,0.10768,0.089499,0.17011,0.15394,0.27381,0.17405,0.29935,0.28375,0.1393,0.36874,0.38571,0.23279,0.11864,0.23178,0.44491,0.37538,0.46681,0.32485,0.20671,0.2348,0.12503,0.10777,0.14173,0.063989,0.21367,0.24733,0.10418,0.22591,0.017023,0.16164,0.027144,0.1105,0.0086942,0.047078,0.054442,0.16108,0.093483,0.16649,0.072289,0.015407,-0.0063676,0.052731
0.39204,0.24039,0.48256,0.40876,0.48311,0.19819,0.45477,0.33763,0.44416,0.33088,0.29205,0.30815,0.49642,0.44918,1,0.66644,0.37626,0.37855,0.35261,0.27031,0.3414,0.083067,0.54666,0.48059,0.16413,0.20619,0.53423,0.1246,0.3516,0.34447,0.26681,0.22744,0.38807,0.29047,0.31271,0.26603,0.4319,0.38058,0.28187,0.34989,0.21114,0.33139,0.097669,0.065662,0.14403,0.093099,0.15148,0.16147,0.1292,0.026781,0.20457,0.11388,0.17884,0.21707,0.38233,0.26443,0.18971,0.14126,0.14279,0.17701,0.28813,0.26513,0.5142,0.24324,0.49087,0.34456,0.39088,0.31684,0.21284,0.17901,0.30632,0.25256,0.14839,0.19775,0.087738,0.18454,0.14838,0.1962,0.29503,0.22792,0.43673,0.46888,0.47071,0.49639,0.63292,0.51973,0.26917,0.47511,0.45026,0.41005,0.299,0.46429,0.20278,0.3935,0.11571,0.12932,0.17156,0.15953,0.14791,0.1612,0.1145,0.3131,0.010813,0.17876,0.092107,0.13111,0.035456,0.14747,0.12052,0.17289,0.19403,0.11354,0.1333,0.033346,0.064214,0.13817
0.37086,0.26959,0.31796,0.43051,0.39915,0.16295,0.34764,0.38915,0.27769,0.36232,0.28385,0.45082,0.42065,0.57432,0.66644,1,0.40325,0.35242,0.28646,0.27124,0.36939,0.14901,0.31231,0.4032,0.028943,0.12665,0.39691,0.038767,0.42947,0.49383,0.20192,0.21864,0.33853,0.2562,0.16199,0.20441,0.49794,0.46781,0.28426,0.49309,0.23161,0.35956,0.15513,0.10859,0.1709,0.1506,0.21728,0.19938,0.20568,0.091099,0.21785,0.10987,0.17216,0.12807,0.38974,0.24703,0.21836,0.16948,0.20043,0.14543,0.25458,0.17574,0.48022,0.2451,0.22298,0.24959,0.36039,0.32638,0.28057,0.23712,0.32086,0.28942,0.1328,0.19183,0.16322,0.14961,0.24585,0.26994,0.30375,0.19076,0.44623,0.40243,0.46317,0.63494,0.4957,0.47722,0.33824,0.50972,0.38892,0.32275,0.29975,0.31097,0.17664,0.28692,0.23343,0.18917,0.22853,0.12312,0.11084,0.093478,0.092058,0.17716,0.0025126,0.17332,0.11894,0.23012,0.10397,0.20023,0.17037,0.27439,0.2019,0.21032,0.10389,0.063885,0.1608,0.085673
0.62556,0.56562,0.30045,0.41374,0.39422,0.16132,0.33565,0.32865,0.32695,0.23578,0.477,0.34576,0.37935,0.38215,0.37626,0.40325,1,0.76485,0.39711,0.46966,0.34639,0.15199,0.39024,0.37739,0.075837,0.10734,0.30653,-0.030516,0.4858,0.55698,0.2863,0.31124,0.6009,0.50264,0.35027,0.44056,0.44481,0.28575,0.33226,0.29317,0.25357,0.2728,0.37551,0.31541,0.36655,0.35468,0.37104,0.40418,0.32754,0.22886,0.16387,0.074236,0.052395,0.063685,0.26367,0.1712,0.70468,0.57446,0.25961,0.27846,0.28139,0.19928,0.54646,0.34745,0.2548,0.14718,0.43518,0.42624,0.58183,0.4315,0.39347,0.34312,0.2527,0.25828,0.23147,0.26093,0.36654,0.34225,0.78471,0.6547,0.6928,0.57798,0.12777,0.48134,0.34694,0.22196,0.13856,0.32688,0.3803,0.35336,0.29902,0.31313,0.26177,0.31606,0.19996,0.071013,0.4715,0.27064,0.24721,0.22949,0.13445,0.17784,0.13121,0.17096,0.16076,0.21451,0.04925,0.162,0.19456,0.24638,0.46467,0.38087,0.23271,0.34464,0.2153,0.053588
0.52595,0.48723,0.25813,0.2908,0.35757,0.10867,0.25471,0.24811,0.2589,0.23612,0.37837,0.42823,0.35394,0.36077,0.37855,0.35242,0.76485,1,0.28848,0.3079,0.24292,-0.026348,0.3569,0.32459,-0.029607,-3.0374e-05,0.36315,-0.098494,0.35273,0.54687,0.13546,0.1646,0.45998,0.36762,0.37028,0.35947,0.39851,0.2537,0.22604,0.24198,0.13273,0.16636,0.33074,0.26811,0.30855,0.28618,0.37774,0.35939,0.35281,0.25767,0.37018,0.24088,0.27643,0.24869,0.415,0.34513,0.55424,0.53999,0.24354,0.29956,0.24835,0.29067,0.514,0.33804,0.26824,0.22951,0.36193,0.37499,0.39809,0.3167,0.2117,0.17612,0.1054,0.12131,0.09244,0.098268,0.16487,0.13797,0.65477,0.652,0.56016,0.56927,-0.0020192,0.41597,0.34423,0.25608,-0.04484,0.30128,0.44247,0.44129,0.30276,0.279,0.071244,0.14322,0.012652,-0.090827,0.30211,0.12531,0.15433,0.19451,-0.027948,0.012296,-0.009521,0.0054365,-0.033746,0.084282,-0.08313,0.044341,0.01961,0.084524,0.32365,0.16584,0.013714,0.12057,0.056546,-0.028866
0.63894,0.56088,0.57313,0.54528,0.29749,0.34864,0.57941,0.42798,0.30014,0.20818,0.51098,0.43255,0.48489,0.18136,0.35261,0.28646,0.39711,0.28848,1,0.77925,0.30141,0.27543,0.35194,0.29876,0.090235,0.19527,0.15886,0.14838,0.61137,0.41784,0.49456,0.46943,0.52767,0.64722,0.049607,0.15718,0.40688,0.43867,0.43505,0.41818,0.47863,0.4353,0.0047418,-0.021909,0.015523,-0.0028162,0.052285,0.064974,0.022533,-0.082926,-0.049145,-0.058296,-0.05848,0.0060538,0.095521,0.11282,0.29367,0.23369,0.030246,0.097289,0.10047,-0.015739,0.32617,0.12783,0.10857,-0.022558,0.20409,0.14376,0.40989,0.40043,0.39596,0.3946,0.44718,0.40784,0.41724,0.34089,0.48582,0.51059,0.16176,0.10488,0.22248,0.19326,0.30986,0.34436,0.22808,0.25325,0.2242,0.21127,0.25133,0.1862,0.31075,0.49354,0.46075,0.43877,0.32613,0.22021,0.3252,0.31487,0.40215,0.32348,0.37899,0.37762,0.3333,0.33477,0.2688,0.26054,0.26369,0.22139,0.34588,0.30765,0.36529,0.44377,0.4987,0.39986,0.36764,0.043799
0.5155,0.76429,0.35652,0.50495,0.13494,0.28772,0.30681,0.2428,0.11125,0.004708,0.39123,0.34046,0.40779,0.1632,0.27031,0.27124,0.46966,0.3079,0.77925,1,0.30946,0.39097,0.36685,0.30643,0.20552,0.27949,0.10364,0.15865,0.59731,0.46462,0.5353,0.55914,0.64515,0.7965,0.21596,0.35658,0.4119,0.40419,0.46541,0.38675,0.48323,0.4799,0.13036,0.14416,0.13827,0.18826,0.11097,0.19638,0.054803,-0.0088241,-0.14765,-0.15989,-0.17585,-0.035891,-0.040112,0.028865,0.41877,0.49181,-0.083261,0.084798,-0.18712,-0.19075,0.19266,-0.042453,-0.0090051,-0.10885,0.30888,0.33199,0.70777,0.69425,0.48792,0.45056,0.54189,0.49373,0.57726,0.44785,0.64498,0.67154,0.30506,0.28319,0.25967,0.24466,0.2711,0.36436,0.17275,0.23404,0.26226,0.2386,0.044743,0.076527,0.31472,0.48434,0.55068,0.48483,0.49125,0.34557,0.48756,0.4822,0.42804,0.28412,0.44179,0.43012,0.40871,0.45317,0.42999,0.42795,0.2911,0.28997,0.52333,0.45101,0.60258,0.54248,0.56167,0.6125,0.54449,0.13212
0.33914,0.27309,0.329,0.5036,0.34927,0.43334,0.33714,0.35272,0.35253,0.27764,0.291,0.24346,0.2894,0.26697,0.3414,0.36939,0.34639,0.24292,0.30141,0.30946,1,0.64699,0.37919,0.424,0.23617,0.32751,0.41158,0.28565,0.4737,0.50402,0.5541,0.50338,0.48682,0.49832,0.18159,0.23891,0.50669,0.41321,0.63453,0.4788,0.48806,0.51672,0.087351,0.020721,0.11088,0.066691,0.15458,0.14681,0.15225,0.078882,0.12335,0.15961,0.055432,0.14486,0.32053,0.27152,0.2082,0.20015,0.19348,0.26058,0.22365,0.23107,0.28392,0.25816,0.23987,0.29958,0.25678,0.22074,0.21879,0.23,0.42373,0.4011,0.34944,0.33248,0.26993,0.25667,0.35093,0.34637,0.20971,0.15996,0.21825,0.17,0.31781,0.43566,0.20183,0.1067,0.36545,0.3449,0.40802,0.37636,0.42949,0.3987,0.36137,0.39146,0.3198,0.21478,0.3168,0.185,0.35848,0.26154,0.27874,0.27686,0.21044,0.20233,0.1446,0.33127,0.29299,0.29361,0.22445,0.28448,0.22199,0.26109,0.32407,0.3045,0.2968,0.17426
0.15858,0.28112,0.26766,0.41281,0.020304,0.5082,0.22362,0.20546,0.24917,0.055653,0.099053,0.0068287,0.13371,0.022508,0.083067,0.14901,0.15199,-0.026348,0.27543,0.39097,0.64699,1,0.36482,0.38266,0.52629,0.58204,0.28797,0.60036,0.34278,0.19653,0.59941,0.54483,0.47151,0.57146,0.24232,0.26631,0.1167,0.11503,0.51087,0.35387,0.46745,0.51207,0.05429,0.022342,0.12732,0.1272,0.00037115,0.06274,0.081864,0.087728,-0.075084,0.018804,-0.16535,-0.057593,-0.055169,0.092352,0.18793,0.26675,0.11823,0.23221,0.026754,0.046151,0.084944,0.12235,0.11179,0.11239,0.26085,0.21492,0.26447,0.25216,0.54929,0.55652,0.53892,0.52679,0.52587,0.39118,0.43455,0.45122,0.08699,0.16044,0.06885,-0.0014261,0.37871,0.2415,0.017752,0.050567,0.47462,0.25531,0.062569,0.22355,0.31129,0.27927,0.57277,0.43158,0.40108,0.31617,0.37632,0.38193,0.41826,0.22231,0.56225,0.39948,0.52524,0.44262,0.39601,0.53425,0.60234,0.30707,0.40052,0.31902,0.33025,0.30983,0.48335,0.50211,0.47336,0.28591
0.26562,0.26376,0.62203,0.60342,0.36996,0.37425,0.44942,0.33845,0.44476,0.26399,0.20107,0.16858,0.40521,0.23536,0.54666,0.31231,0.39024,0.3569,0.35194,0.36685,0.37919,0.36482,1,0.83642,0.58634,0.62431,0.54321,0.45824,0.2886,0.25516,0.63893,0.5889,0.61414,0.5789,0.64806,0.54336,0.29136,0.18112,0.33652,0.23319,0.3266,0.26738,0.18524,0.14294,0.30673,0.21579,0.17006,0.20989,0.18029,0.05958,0.090116,0.050322,0.10048,0.13649,0.21386,0.2086,0.29515,0.26339,0.052858,0.14374,0.10449,0.2005,0.36365,0.15021,0.56962,0.37178,0.57453,0.51236,0.23064,0.19028,0.49026,0.41954,0.3366,0.28401,0.31722,0.33114,0.32481,0.35858,0.30526,0.30924,0.35307,0.36788,0.29292,0.27331,0.48554,0.39419,0.25666,0.36081,0.32593,0.36564,0.46772,0.51116,0.53663,0.47866,0.12854,0.016018,0.29239,0.22798,0.35875,0.22118,0.42451,0.37247,0.32079,0.32635,0.30557,0.38612,0.21363,0.17578,0.18346,0.15446,0.35794,0.25474,0.29273,0.25922,0.24374,0.19511
0.28427,0.1895,0.5568,0.76363,0.37868,0.45977,0.3757,0.49911,0.40203,0.41951,0.19215,0.25149,0.35876,0.43052,0.48059,0.4032,0.37739,0.32459,0.29876,0.30643,0.424,0.38266,0.83642,1,0.51536,0.62797,0.51684,0.46319,0.24936,0.27689,0.57767,0.57705,0.62274,0.57858,0.61199,0.59399,0.35414,0.29014,0.37799,0.33266,0.32917,0.34775,0.21521,0.15064,0.32273,0.2336,0.23753,0.27653,0.2518,0.12442,0.22272,0.19056,0.25055,0.24096,0.34349,0.32111,0.30882,0.21809,0.23198,0.22428,0.23745,0.35082,0.39443,0.2363,0.54637,0.54985,0.57973,0.55975,0.25592,0.24145,0.50107,0.4795,0.35474,0.29467,0.30887,0.34938,0.40336,0.40371,0.31284,0.28676,0.30986,0.31351,0.27385,0.29724,0.44937,0.34116,0.27588,0.39611,0.41284,0.44608,0.5373,0.47987,0.5134,0.41191,0.12161,0.004284,0.29867,0.19606,0.33263,0.22249,0.41693,0.33358,0.25298,0.26267,0.22516,0.32952,0.21265,0.1474,0.1386,0.14384,0.36963,0.25344,0.2227,0.21968,0.1848,0.15486
0.040474,0.10428,0.29571,0.33406,0.0096771,0.35818,0.14286,0.13137,0.20115,0.046276,-0.025399,-0.113,0.10837,0.026614,0.16413,0.028943,0.075837,-0.029607,0.090235,0.20552,0.23617,0.52629,0.58634,0.51536,1,0.84003,0.47367,0.75499,0.039669,-0.083473,0.49685,0.43598,0.35672,0.40669,0.36112,0.32462,-0.094963,-0.11601,0.22876,0.050648,0.29385,0.13092,0.12348,0.073703,0.21583,0.16223,0.035629,0.10173,0.10687,0.11096,-0.020475,0.085454,-0.013008,0.038158,-0.042434,0.13847,0.16426,0.16859,0.026369,0.11335,-0.030403,0.10014,0.18047,0.080213,0.26228,0.19781,0.27429,0.2422,0.10834,0.067784,0.47585,0.39569,0.37088,0.28462,0.32177,0.29246,0.19262,0.2485,0.042277,0.1299,0.052947,0.031354,0.30898,-0.039504,0.18081,0.16995,0.36105,0.25745,-0.029606,0.25682,0.44239,0.39405,0.65624,0.46243,0.28097,0.13447,0.31491,0.38318,0.52265,0.33775,0.62225,0.4969,0.54374,0.43669,0.49367,0.52427,0.50154,0.23126,0.3565,0.24734,0.31883,0.32658,0.4823,0.43321,0.33489,0.31414
0.054371,0.13029,0.2851,0.41724,0.037993,0.38375,0.15576,0.13016,0.19479,0.040997,-0.021763,-0.043364,0.10761,0.051794,0.20619,0.12665,0.10734,-3.0374e-05,0.19527,0.27949,0.32751,0.58204,0.62431,0.62797,0.84003,1,0.44191,0.75572,0.16435,-0.0062787,0.62456,0.58982,0.40382,0.46994,0.39788,0.32717,-0.0069501,0.026784,0.26967,0.1629,0.28184,0.20866,0.12054,0.068617,0.2005,0.15243,0.074892,0.113,0.11191,0.077714,0.0067348,0.047536,0.021043,0.053791,0.0066651,0.1585,0.18287,0.15465,0.037246,0.081765,-0.051308,0.013786,0.18702,0.0070985,0.22895,0.17548,0.32071,0.30628,0.16434,0.15564,0.503,0.42907,0.40881,0.2939,0.30357,0.31884,0.24297,0.28629,0.063665,0.13576,0.07855,0.05594,0.33693,0.07392,0.18557,0.25185,0.35101,0.28695,-0.012223,0.22971,0.46894,0.38318,0.63922,0.45446,0.34508,0.1935,0.35686,0.40236,0.49381,0.32652,0.60524,0.48346,0.54611,0.47432,0.47603,0.53272,0.49101,0.27816,0.37377,0.25876,0.37347,0.36705,0.49651,0.44148,0.37215,0.2954
0.32907,0.10809,0.37889,0.40393,0.46675,0.33037,0.34876,0.28614,0.46541,0.36218,0.13869,0.092492,0.2265,0.26206,0.53423,0.39691,0.30653,0.36315,0.15886,0.10364,0.41158,0.28797,0.54321,0.51684,0.47367,0.44191,1,0.50944,0.072443,0.078794,0.21894,0.16611,0.34023,0.27388,0.3006,0.23296,0.24242,0.1773,0.3287,0.27197,0.19109,0.17876,0.072748,0.049637,0.12619,0.078836,0.10258,0.15225,0.13544,0.13574,0.24647,0.25707,0.24936,0.23314,0.3516,0.31086,0.24592,0.15022,0.16905,0.21772,0.33618,0.38831,0.52183,0.37512,0.46037,0.41105,0.28672,0.21795,0.11961,0.067384,0.24869,0.19095,0.13139,0.14482,0.024614,0.10619,0.013453,0.048457,0.16128,0.16483,0.29076,0.27751,0.45067,0.30464,0.41911,0.27553,0.43118,0.45869,0.49716,0.45923,0.33788,0.38205,0.26833,0.30526,0.090759,0.057261,0.1107,0.19043,0.21806,0.23481,0.15723,0.24482,0.14903,0.1741,0.22358,0.2016,0.14228,0.20097,0.17662,0.085766,0.17146,0.11034,0.16809,0.11502,0.073007,0.19463
0.064127,0.037821,0.2635,0.34825,0.071058,0.53469,0.20466,0.18791,0.29415,0.15758,-0.026598,-0.13027,0.10071,0.020482,0.1246,0.038767,-0.030516,-0.098494,0.14838,0.15865,0.28565,0.60036,0.45824,0.46319,0.75499,0.75572,0.50944,1,0.016848,-0.099745,0.45489,0.40467,0.28396,0.35866,0.22519,0.17498,-0.071511,-0.084821,0.2766,0.11815,0.35166,0.21897,-0.01134,-0.067082,0.081511,0.026091,-0.033234,0.0012468,0.045314,0.045798,-0.0023272,0.11869,0.005622,0.017215,0.0032687,0.14452,0.1111,0.059067,0.033948,0.096231,0.050352,0.14983,0.096013,0.12691,0.24391,0.23071,0.12823,0.11039,0.010789,-0.0017709,0.42883,0.40094,0.40513,0.38683,0.29323,0.33569,0.14968,0.22299,-0.08251,0.047136,-0.073826,-0.078005,0.29792,-0.052461,0.055021,0.053376,0.40265,0.19294,0.096535,0.26165,0.44161,0.30437,0.58423,0.39009,0.28295,0.13667,0.22996,0.33195,0.45832,0.32737,0.58723,0.41899,0.52262,0.41984,0.43413,0.45333,0.54929,0.24268,0.30939,0.1578,0.22021,0.26507,0.44002,0.34865,0.32821,0.30313
0.45443,0.48435,0.30667,0.44892,0.23856,0.19069,0.41375,0.37307,0.22322,0.19581,0.3781,0.51827,0.40591,0.29551,0.3516,0.42947,0.4858,0.35273,0.61137,0.59731,0.4737,0.34278,0.2886,0.24936,0.039669,0.16435,0.072443,0.016848,1,0.73929,0.55078,0.55019,0.50748,0.55354,0.030297,0.13528,0.48163,0.49674,0.43682,0.42735,0.49327,0.51771,0.031664,0.0030493,-0.0075871,-0.010334,0.14604,0.1219,0.027664,-0.070276,-0.0291,-0.050982,-0.004748,0.049288,0.12379,0.13049,0.21697,0.17805,0.0094164,0.040604,0.024298,-0.11326,0.27434,0.083401,0.0363,-0.12994,0.1461,0.10477,0.43637,0.4117,0.39638,0.44215,0.39061,0.36274,0.31384,0.32741,0.44056,0.48187,0.31938,0.26125,0.37998,0.30593,0.38301,0.57881,0.25025,0.26338,0.20324,0.29839,0.14722,0.18427,0.31011,0.36911,0.35944,0.32972,0.4274,0.22847,0.33633,0.27034,0.29496,0.24304,0.33456,0.27455,0.26408,0.24046,0.26445,0.26306,0.19506,0.24734,0.36981,0.39181,0.27256,0.38633,0.33859,0.33573,0.33666,0.087767
0.37884,0.47027,0.24195,0.39808,0.25451,0.17251,0.34891,0.37248,0.24663,0.23578,0.40841,0.50528,0.41706,0.41885,0.34447,0.49383,0.55698,0.54687,0.41784,0.46462,0.50402,0.19653,0.25516,0.27689,-0.083473,-0.0062787,0.078794,-0.099745,0.73929,1,0.43822,0.44876,0.50715,0.50148,0.12851,0.22797,0.51094,0.46867,0.35468,0.42909,0.34881,0.43592,0.067269,-0.00046148,0.05496,0.037646,0.2059,0.14384,0.095987,-0.017227,0.079534,0.045739,0.10237,0.11364,0.27296,0.18574,0.20084,0.23095,0.07269,0.083437,0.12417,0.059782,0.30787,0.15125,0.16317,0.0479,0.16162,0.1714,0.38417,0.35293,0.31402,0.32288,0.24598,0.31202,0.2519,0.18956,0.35416,0.38059,0.41523,0.43628,0.44693,0.42639,0.065563,0.68188,0.27355,0.22005,0.02122,0.3359,0.32439,0.27171,0.32382,0.28996,0.17853,0.22586,0.29982,0.12721,0.27374,0.062594,0.20284,0.17079,0.099852,0.10299,0.0066374,0.040914,0.043268,0.12817,0.0036576,0.13169,0.1801,0.30199,0.19137,0.26812,0.14417,0.17507,0.17799,0.055257
0.18716,0.31394,0.43204,0.56518,0.22337,0.41258,0.36818,0.31135,0.31685,0.09333,0.15125,0.18224,0.23143,0.11442,0.26681,0.20192,0.2863,0.13546,0.49456,0.5353,0.5541,0.59941,0.63893,0.57767,0.49685,0.62456,0.21894,0.45489,0.55078,0.43822,1,0.9076,0.60268,0.72986,0.32541,0.34683,0.27608,0.25433,0.46338,0.25523,0.48422,0.38178,0.00028195,-0.054542,0.093391,0.040698,0.038338,0.016588,0.029401,-0.10085,-0.088248,-0.05573,-0.050675,-0.047059,0.041797,0.054326,0.15975,0.15126,-0.051975,0.058972,-0.069724,-0.066261,0.15004,0.013608,0.21879,0.069743,0.30574,0.26707,0.28224,0.27043,0.56799,0.5145,0.47979,0.42797,0.4527,0.41014,0.3846,0.43613,0.13721,0.16403,0.20879,0.17061,0.25038,0.26843,0.16921,0.20191,0.16923,0.20346,0.099149,0.15833,0.4804,0.4634,0.61151,0.4879,0.43615,0.18046,0.38172,0.33363,0.49347,0.31814,0.56761,0.42884,0.4694,0.42821,0.35756,0.46327,0.35548,0.26299,0.38857,0.32212,0.3679,0.37505,0.49089,0.47844,0.45199,0.21275
0.19498,0.33586,0.35794,0.56736,0.20705,0.38728,0.31772,0.31702,0.24986,0.065684,0.12238,0.23937,0.21881,0.19616,0.22744,0.21864,0.31124,0.1646,0.46943,0.55914,0.50338,0.54483,0.5889,0.57705,0.43598,0.58982,0.16611,0.40467,0.55019,0.44876,0.9076,1,0.59083,0.76671,0.29472,0.34402,0.24928,0.26513,0.43083,0.22458,0.43165,0.36488,-0.0095777,-0.051267,0.062404,0.037688,0.037959,0.019512,0.013261,-0.10599,-0.088476,-0.063759,-0.023096,-0.03199,0.04918,0.044886,0.17425,0.15825,-0.045571,0.046668,-0.062892,-0.077299,0.1413,0.032259,0.12325,0.051281,0.27577,0.2681,0.29271,0.29932,0.52711,0.51634,0.44925,0.41421,0.4299,0.39392,0.39498,0.44212,0.16773,0.20732,0.18599,0.16022,0.17268,0.25026,0.087253,0.13394,0.093972,0.13033,0.062522,0.15748,0.48299,0.42819,0.57723,0.43441,0.39919,0.13742,0.36951,0.32047,0.45693,0.28628,0.5542,0.37051,0.4068,0.38568,0.29731,0.43403,0.31717,0.27131,0.38673,0.3112,0.38554,0.35923,0.44798,0.44139,0.43136,0.20356
0.49411,0.55943,0.48477,0.63072,0.30136,0.43815,0.36371,0.40486,0.32988,0.27063,0.27242,0.22263,0.35546,0.25375,0.38807,0.33853,0.6009,0.45998,0.52767,0.64515,0.48682,0.47151,0.61414,0.62274,0.35672,0.40382,0.34023,0.28396,0.50748,0.50715,0.60268,0.59083,1,0.86418,0.5541,0.6845,0.44244,0.29826,0.49935,0.40249,0.42077,0.41889,0.31952,0.24124,0.40694,0.37077,0.30689,0.33121,0.33987,0.19364,0.14099,0.07994,0.05033,0.080549,0.25892,0.20535,0.49583,0.50747,0.24588,0.33684,0.22226,0.25567,0.35484,0.30363,0.44408,0.32223,0.59412,0.56764,0.64217,0.58504,0.51582,0.46879,0.47369,0.45047,0.42288,0.38726,0.57834,0.57877,0.4937,0.4672,0.45844,0.39609,0.26879,0.4485,0.31256,0.14624,0.29618,0.36084,0.3623,0.35992,0.41642,0.38837,0.48623,0.41457,0.311,0.19181,0.51789,0.38226,0.38254,0.21854,0.3437,0.32392,0.2927,0.28245,0.31107,0.36495,0.26369,0.19826,0.30157,0.37305,0.57609,0.44193,0.3983,0.46888,0.36751,0.1108
0.47716,0.62855,0.4444,0.6617,0.22814,0.4677,0.36833,0.40791,0.29258,0.13025,0.26182,0.27238,0.34211,0.20978,0.29047,0.2562,0.50264,0.36762,0.64722,0.7965,0.49832,0.57146,0.5789,0.57858,0.40669,0.46994,0.27388,0.35866,0.55354,0.50148,0.72986,0.76671,0.86418,1,0.41903,0.58488,0.41316,0.33858,0.56918,0.41745,0.53776,0.48287,0.19538,0.14159,0.24504,0.23577,0.199,0.23855,0.20359,0.087619,0.018418,0.025917,-0.045797,0.014396,0.12407,0.15388,0.44514,0.45428,0.093821,0.23488,0.049906,0.080432,0.27129,0.20356,0.2225,0.15547,0.44155,0.44772,0.58542,0.56071,0.57109,0.53924,0.56781,0.54844,0.54551,0.46929,0.63004,0.64038,0.35951,0.38483,0.32016,0.28732,0.28238,0.37484,0.16489,0.11963,0.2896,0.25586,0.19342,0.28826,0.45405,0.43201,0.60772,0.46672,0.43867,0.23897,0.54593,0.47904,0.50414,0.28951,0.49015,0.3782,0.3887,0.378,0.38196,0.43182,0.34937,0.30403,0.44599,0.45063,0.61376,0.49743,0.53052,0.57888,0.4684,0.16426
0.072422,0.17693,0.28304,0.31806,0.12438,0.18825,-0.010053,0.026451,0.12116,0.0046639,-0.066382,-0.11526,0.089299,0.10517,0.31271,0.16199,0.35027,0.37028,0.049607,0.21596,0.18159,0.24232,0.64806,0.61199,0.36112,0.39788,0.3006,0.22519,0.030297,0.12851,0.32541,0.29472,0.5541,0.41903,1,0.81351,0.20219,-0.0016426,0.10682,0.096668,0.065333,0.12086,0.40366,0.35121,0.57499,0.49075,0.32962,0.34808,0.37336,0.23217,0.17755,0.068678,0.16179,0.1883,0.17087,0.17387,0.39668,0.41932,0.13273,0.22118,0.0042585,0.18212,0.19751,0.060126,0.45778,0.39322,0.73478,0.74361,0.33053,0.2931,0.35049,0.26816,0.17778,0.15039,0.25042,0.243,0.30209,0.27803,0.42405,0.39606,0.27006,0.28248,0.016321,0.13016,0.24466,0.19328,0.051481,0.20382,0.13192,0.25159,0.22876,0.21138,0.23737,0.17259,0.10049,0.030318,0.32029,0.16333,0.13327,0.020443,0.1069,0.091869,0.07644,0.097644,0.13212,0.23573,0.0090113,0.068583,0.10961,0.15509,0.46699,0.15554,0.051378,0.1328,0.13264,0.068185
0.21063,0.35065,0.3017,0.46898,0.174,0.31766,0.070692,0.21086,0.12424,0.098077,0.049343,0.024488,0.18109,0.20147,0.26603,0.20441,0.44056,0.35947,0.15718,0.35658,0.23891,0.26631,0.54336,0.59399,0.32462,0.32717,0.23296,0.17498,0.13528,0.22797,0.34683,0.34402,0.6845,0.58488,0.81351,1,0.27839,0.13793,0.22095,0.20262,0.17888,0.23476,0.51495,0.45808,0.65365,0.60799,0.42274,0.48099,0.49766,0.35049,0.21922,0.13559,0.11121,0.11977,0.18883,0.19097,0.45825,0.48806,0.2773,0.3647,0.11075,0.24017,0.22172,0.17028,0.37297,0.40256,0.7472,0.79646,0.49526,0.46162,0.43413,0.37734,0.28443,0.24554,0.38583,0.36864,0.52093,0.47685,0.46593,0.42356,0.33563,0.33332,0.067488,0.19946,0.18599,0.11858,0.1197,0.17687,0.17072,0.28223,0.31237,0.2554,0.35204,0.23421,0.22778,0.1092,0.47656,0.27266,0.26114,0.088096,0.23027,0.15766,0.16983,0.1342,0.18355,0.30143,0.1135,0.0871,0.1636,0.30157,0.6028,0.35178,0.1779,0.299,0.23891,0.072859
0.41242,0.40259,0.28487,0.45281,0.28438,0.10718,0.24457,0.32841,0.18055,0.26534,0.29697,0.38602,0.34383,0.36582,0.4319,0.49794,0.44481,0.39851,0.40688,0.4119,0.50669,0.1167,0.29136,0.35414,-0.094963,-0.0069501,0.24242,-0.071511,0.48163,0.51094,0.27608,0.24928,0.44244,0.41316,0.20219,0.27839,1,0.74717,0.58958,0.62339,0.47707,0.46361,0.13549,0.07385,0.11035,0.052726,0.2517,0.20336,0.12569,-0.0096097,0.14412,0.095588,0.09499,0.19417,0.37147,0.25554,0.2276,0.20493,0.028702,0.077776,0.037401,0.089533,0.29647,0.047227,0.19392,0.19681,0.29728,0.30296,0.38571,0.37517,0.29953,0.24604,0.18921,0.23537,0.1826,0.25025,0.4434,0.46953,0.27393,0.14705,0.26804,0.24325,0.32142,0.4577,0.35688,0.2555,0.2732,0.41998,0.39257,0.28274,0.29136,0.36426,0.20202,0.32545,0.28578,0.23017,0.27501,0.11595,0.14479,0.089101,0.063016,0.20269,0.0020547,0.11464,0.092413,0.15289,0.0093235,0.2066,0.24496,0.28049,0.27048,0.28658,0.16378,0.18361,0.21018,-0.024394
0.41473,0.38377,0.24459,0.43343,0.20435,0.097047,0.24427,0.32185,0.11259,0.21471,0.26297,0.44185,0.29995,0.31319,0.38058,0.46781,0.28575,0.2537,0.43867,0.40419,0.41321,0.11503,0.18112,0.29014,-0.11601,0.026784,0.1773,-0.084821,0.49674,0.46867,0.25433,0.26513,0.29826,0.33858,-0.0016426,0.13793,0.74717,1,0.51019,0.76279,0.44411,0.61544,0.0041233,-0.040395,-0.0702,-0.094482,0.13008,0.12259,-0.010888,-0.068209,0.10949,0.095531,0.091979,0.21356,0.32959,0.30397,0.13654,0.073017,0.035251,-0.016844,-0.0011343,-0.06361,0.24864,-0.030144,0.040453,0.063985,0.13954,0.14727,0.32294,0.33628,0.23943,0.26983,0.22619,0.28417,0.15167,0.29415,0.44425,0.45411,0.12243,0.018759,0.18531,0.20098,0.32227,0.48055,0.30698,0.34124,0.26472,0.45824,0.28831,0.1896,0.27021,0.42981,0.19881,0.33568,0.3282,0.28944,0.19889,0.14592,0.16622,0.22337,0.16316,0.21028,0.098281,0.15548,0.10237,0.18931,0.073594,0.2597,0.25491,0.26358,0.19712,0.32304,0.25164,0.19063,0.22093,0.019602
0.41038,0.3725,0.33257,0.46974,0.22549,0.34097,0.25499,0.30894,0.19363,0.21464,0.25093,0.28658,0.29227,0.14439,0.28187,0.28426,0.33226,0.22604,0.43505,0.46541,0.63453,0.51087,0.33652,0.37799,0.22876,0.26967,0.3287,0.2766,0.43682,0.35468,0.46338,0.43083,0.49935,0.56918,0.10682,0.22095,0.58958,0.51019,1,0.64154,0.59653,0.53991,0.10236,0.064668,0.056243,0.04162,0.20729,0.20605,0.12137,0.087538,0.10745,0.17348,-0.038082,0.14876,0.29453,0.31313,0.28393,0.22034,0.13541,0.19788,0.08085,0.087606,0.19528,0.10818,0.11534,0.19033,0.26736,0.24758,0.32999,0.33696,0.37804,0.37843,0.44068,0.38563,0.27775,0.32044,0.42504,0.42739,0.2605,0.19888,0.23538,0.18938,0.42841,0.3447,0.21424,0.1988,0.50148,0.39092,0.29579,0.28666,0.34488,0.33129,0.38451,0.29301,0.38636,0.21272,0.41638,0.28664,0.36914,0.24957,0.34317,0.22469,0.23901,0.19302,0.18163,0.33261,0.26617,0.22363,0.28422,0.36113,0.32338,0.32417,0.32078,0.33207,0.30232,0.22325
0.44481,0.33391,0.25332,0.43773,0.19212,0.18336,0.22945,0.27029,0.19005,0.2105,0.23125,0.3309,0.27288,0.24102,0.34989,0.49309,0.29317,0.24198,0.41818,0.38675,0.4788,0.35387,0.23319,0.33266,0.050648,0.1629,0.27197,0.11815,0.42735,0.42909,0.25523,0.22458,0.40249,0.41745,0.096668,0.20262,0.62339,0.76279,0.64154,1,0.49596,0.6456,0.12806,0.083961,0.050037,0.024415,0.23432,0.24187,0.15623,0.11317,0.19193,0.2104,0.055789,0.21795,0.35189,0.42963,0.2484,0.16437,0.19722,0.18135,0.1336,0.083905,0.29394,0.06945,0.099484,0.17136,0.2336,0.24046,0.34765,0.34791,0.30142,0.28421,0.31273,0.32151,0.1905,0.26621,0.414,0.41045,0.22814,0.15096,0.28915,0.257,0.47797,0.60334,0.30419,0.36889,0.51072,0.58527,0.33887,0.32493,0.26135,0.30861,0.24062,0.2864,0.34915,0.34327,0.34311,0.28851,0.21105,0.22527,0.22042,0.20334,0.10261,0.19911,0.17483,0.2386,0.25859,0.31141,0.28214,0.36041,0.2709,0.33736,0.2667,0.20014,0.24413,0.12504
0.39486,0.41195,0.33649,0.41972,0.16876,0.32453,0.31231,0.26353,0.21751,0.14956,0.26191,0.26128,0.33994,0.1289,0.21114,0.23161,0.25357,0.13273,0.47863,0.48323,0.48806,0.46745,0.3266,0.32917,0.29385,0.28184,0.19109,0.35166,0.49327,0.34881,0.48422,0.43165,0.42077,0.53776,0.065333,0.17888,0.47707,0.44411,0.59653,0.49596,1,0.63892,0.01202,-0.039229,-0.018441,-0.056595,0.060602,0.061777,-0.022638,-0.055446,-0.037178,0.062095,-0.02068,0.12505,0.11603,0.1964,0.20121,0.21074,-0.018875,0.045783,-0.061366,-0.014508,0.10468,-0.010458,0.11988,0.047086,0.10252,0.088621,0.28747,0.27066,0.45336,0.40776,0.49676,0.46336,0.36032,0.41384,0.49127,0.52667,0.1184,0.16182,0.077249,0.097795,0.47394,0.27499,0.18144,0.16949,0.41541,0.33137,0.17331,0.24782,0.36384,0.4313,0.47235,0.44059,0.34008,0.17551,0.28069,0.29024,0.41459,0.29825,0.45388,0.3521,0.40625,0.29813,0.3128,0.38524,0.33057,0.34569,0.28363,0.24918,0.23329,0.35228,0.44334,0.36453,0.35078,0.18837
0.39833,0.4194,0.31803,0.44405,0.11645,0.23614,0.297,0.2979,0.17827,0.16609,0.25993,0.26712,0.32042,0.20196,0.33139,0.35956,0.2728,0.16636,0.4353,0.4799,0.51672,0.51207,0.26738,0.34775,0.13092,0.20866,0.17876,0.21897,0.51771,0.43592,0.38178,0.36488,0.41889,0.48287,0.12086,0.23476,0.46361,0.61544,0.53991,0.6456,0.63892,1,0.072362,0.03782,0.058219,0.046272,0.12153,0.15485,0.051091,0.023569,0.023903,0.088407,-0.012289,0.2109,0.19266,0.26248,0.23739,0.22369,0.068484,0.057439,0.01669,-0.06715,0.122,-0.0091253,0.098872,0.054692,0.23022,0.19701,0.35748,0.34019,0.49677,0.52865,0.58939,0.6521,0.44504,0.50454,0.53734,0.54095,0.20663,0.17975,0.15146,0.17228,0.39653,0.39136,0.19673,0.25296,0.41245,0.40337,0.21628,0.22753,0.26155,0.43224,0.35951,0.43391,0.32828,0.28332,0.30789,0.2847,0.30046,0.28678,0.37638,0.30455,0.3122,0.28407,0.29956,0.3757,0.27639,0.23764,0.25768,0.30986,0.28272,0.38721,0.37171,0.32086,0.34085,0.18283
