1,0.97561,0.91716,0.9122,0.91288,0.87681,0.92886,0.91004,0.93327,0.90924,0.93888,0.92996,0.94181,0.93246,0.91717,0.90863,0.96104,0.95101,0.9469,0.94622,0.89073,0.87572,0.89479,0.88166,0.84403,0.89099,0.89009,0.85926,0.93155,0.92999,0.8932,0.8832,0.90545,0.93539,0.81512,0.87756,0.70459,0.85377,0.91117,0.91918,0.92713,0.86803,0.94134,0.94612,0.91811,0.92789,0.95442,0.94948,0.94167,0.93362,0.91369,0.9019,0.93242,0.93288,0.94187,0.94708,0.97326,0.97001,0.94453,0.93819,0.9144,0.84977,0.91548,0.8542,0.46678,0.71408,0.93458,0.92442,0.93913,0.92607,0.83408,0.86141,0.80696,0.81033,0.74948,0.82014,0.6649,0.6475,0.96552,0.95408,0.95806,0.96889,0.91801,0.94137,0.93965,0.94241,0.87181,0.89188,0.9213,0.9411,0.71459,0.83544,0.24322,0.67067,0.585,0.51104,0.82979,0.80441,0.81616,0.86674,0.47635,0.71648,0.39992,0.67722,0.4003,0.46627,0.34973,0.38451,0.089632,0.68332,0.64028,0.71993,0.36969,0.43264,0.42649,0.069443
0.97561,1,0.90642,0.91888,0.89199,0.86177,0.91546,0.91674,0.90823,0.89006,0.90203,0.93262,0.89693,0.9197,0.87203,0.87879,0.94507,0.95073,0.95069,0.97294,0.85904,0.85366,0.8664,0.86607,0.80087,0.85591,0.86026,0.83757,0.89994,0.9207,0.86293,0.86679,0.907,0.94192,0.79794,0.86675,0.73596,0.85717,0.88071,0.89749,0.89557,0.82505,0.92514,0.92871,0.91483,0.92462,0.93282,0.93055,0.94066,0.92971,0.9196,0.90522,0.92243,0.91708,0.91508,0.9134,0.9534,0.98125,0.9332,0.93404,0.90104,0.84744,0.91125,0.88443,0.46342,0.69796,0.92815,0.92354,0.94642,0.94013,0.80376,0.82871,0.74743,0.76506,0.72245,0.80451,0.64058,0.61929,0.95135,0.93591,0.94509,0.9542,0.87917,0.92249,0.90941,0.92461,0.85076,0.87614,0.89225,0.91901,0.72449,0.82814,0.25223,0.64237,0.59071,0.52374,0.83656,0.80585,0.814,0.85723,0.45913,0.68667,0.38138,0.66292,0.36928,0.4366,0.31851,0.3872,0.16227,0.68755,0.66977,0.75251,0.38922,0.44753,0.43453,0.11847
0.91716,0.90642,1,0.97173,0.90426,0.8664,0.97829,0.94755,0.90749,0.85877,0.88118,0.90567,0.90065,0.90461,0.88599,0.86701,0.87526,0.88052,0.9317,0.91181,0.89385,0.87384,0.97194,0.96471,0.86983,0.89731,0.91496,0.89073,0.8622,0.88677,0.93044,0.93402,0.90346,0.92981,0.86238,0.88009,0.73402,0.8687,0.89157,0.90238,0.88301,0.8456,0.86242,0.85746,0.8535,0.86001,0.86616,0.87084,0.8715,0.87998,0.87781,0.87221,0.87177,0.87215,0.87163,0.87518,0.84516,0.87098,0.88443,0.85703,0.89292,0.79342,0.86081,0.79119,0.59555,0.73713,0.90721,0.89008,0.83479,0.83263,0.85961,0.85156,0.76636,0.78764,0.75584,0.81955,0.6584,0.62083,0.88431,0.86129,0.88193,0.89889,0.85947,0.8859,0.90575,0.91728,0.8598,0.87588,0.90047,0.89991,0.80534,0.88537,0.43067,0.78883,0.571,0.55957,0.86545,0.83057,0.84092,0.87582,0.60009,0.78958,0.49562,0.72387,0.52128,0.6217,0.41292,0.39103,0.184,0.70691,0.74396,0.80031,0.51669,0.56035,0.55728,0.23122
0.9122,0.91888,0.97173,1,0.90325,0.8871,0.96794,0.97801,0.9062,0.87989,0.87271,0.92444,0.87126,0.92153,0.8651,0.8753,0.88008,0.8907,0.93963,0.93888,0.88598,0.88159,0.94863,0.97016,0.84548,0.89067,0.90171,0.88546,0.8668,0.89982,0.91906,0.93611,0.91106,0.94545,0.81863,0.87454,0.71789,0.86617,0.87302,0.88808,0.87692,0.8514,0.84992,0.847,0.85147,0.85943,0.85553,0.85857,0.87768,0.87849,0.87212,0.86415,0.86051,0.86055,0.86285,0.86645,0.85219,0.87841,0.87078,0.85984,0.86349,0.80993,0.84687,0.81877,0.51576,0.73334,0.89768,0.89548,0.858,0.85317,0.8523,0.85676,0.76515,0.79801,0.7554,0.83251,0.6666,0.64818,0.88534,0.8627,0.87495,0.8944,0.84646,0.8899,0.87157,0.90837,0.84753,0.86738,0.87511,0.88992,0.80797,0.85844,0.4384,0.7451,0.55193,0.53629,0.85075,0.8154,0.8344,0.86461,0.60465,0.7615,0.49333,0.7028,0.50614,0.57828,0.42688,0.40134,0.17782,0.70332,0.73958,0.79532,0.4897,0.549,0.54779,0.21473
0.91288,0.89199,0.90426,0.90325,1,0.95434,0.8944,0.88977,0.97081,0.93415,0.91314,0.85989,0.92024,0.91514,0.95728,0.9532,0.93385,0.8873,0.8634,0.86881,0.95952,0.9173,0.9335,0.91776,0.94443,0.92086,0.95857,0.90205,0.93298,0.93447,0.93518,0.91289,0.81806,0.87131,0.75518,0.83591,0.58495,0.81398,0.89669,0.90427,0.92762,0.91714,0.88334,0.89888,0.85157,0.87884,0.91169,0.91272,0.88308,0.87703,0.81304,0.81505,0.86168,0.88026,0.90034,0.9362,0.90744,0.895,0.91696,0.90034,0.83706,0.77971,0.80898,0.71761,0.34102,0.60819,0.8947,0.86819,0.87717,0.8578,0.85012,0.85754,0.82183,0.8182,0.7561,0.83994,0.64652,0.62674,0.91772,0.91395,0.91101,0.93181,0.93279,0.94286,0.89573,0.90983,0.95117,0.93016,0.9171,0.92239,0.70169,0.81695,0.31495,0.70895,0.50284,0.50855,0.82551,0.77949,0.81276,0.86607,0.57624,0.76541,0.45812,0.66755,0.44068,0.52035,0.4639,0.29949,0.012846,0.68577,0.64746,0.72488,0.36653,0.49363,0.45809,0.12797
0.87681,0.86177,0.8664,0.8871,0.95434,1,0.85485,0.87688,0.956,0.9509,0.8877,0.8505,0.88524,0.91065,0.91792,0.94789,0.91108,0.86813,0.81926,0.84093,0.95094,0.91241,0.88918,0.89783,0.91148,0.90531,0.93588,0.92354,0.9003,0.91926,0.88337,0.8731,0.78249,0.84347,0.70202,0.7903,0.56008,0.78476,0.85176,0.88056,0.89419,0.88879,0.84636,0.86036,0.82136,0.86153,0.87541,0.88411,0.87654,0.87636,0.80524,0.81114,0.83573,0.859,0.87882,0.91402,0.87483,0.87375,0.88991,0.88956,0.80631,0.78844,0.77177,0.71235,0.30183,0.61098,0.8551,0.84172,0.85909,0.84358,0.82222,0.83652,0.80879,0.81168,0.76558,0.81153,0.61974,0.61807,0.88675,0.89516,0.89054,0.9108,0.91142,0.92911,0.85546,0.89224,0.93734,0.93562,0.87418,0.89561,0.65622,0.78312,0.26017,0.66083,0.47323,0.46388,0.80133,0.75475,0.76201,0.85687,0.57211,0.74554,0.39335,0.64602,0.40385,0.46185,0.39635,0.32069,-0.034776,0.68653,0.6153,0.71479,0.29067,0.44654,0.41432,0.095231
0.92886,0.91546,0.97829,0.96794,0.8944,0.85485,1,0.97035,0.91683,0.87606,0.90306,0.93289,0.90747,0.92655,0.88133,0.87019,0.88178,0.88999,0.94138,0.92102,0.87367,0.87496,0.94502,0.94545,0.82463,0.88449,0.87844,0.85482,0.87498,0.89508,0.92131,0.9317,0.92243,0.94479,0.82769,0.87417,0.73861,0.85851,0.89221,0.88926,0.89092,0.84847,0.87409,0.86934,0.85973,0.85802,0.87686,0.87487,0.87726,0.87335,0.87985,0.86681,0.87759,0.86627,0.88634,0.87566,0.85938,0.87963,0.89758,0.87043,0.91535,0.8305,0.89258,0.83206,0.56091,0.74,0.91727,0.90324,0.84585,0.84243,0.86379,0.86765,0.77765,0.80286,0.74378,0.82337,0.66955,0.64218,0.89181,0.8684,0.88713,0.90128,0.8549,0.89417,0.90451,0.91142,0.82627,0.84812,0.90919,0.90339,0.8142,0.88383,0.42893,0.7713,0.5657,0.52698,0.85379,0.81756,0.85589,0.86778,0.58886,0.77877,0.50171,0.73074,0.5061,0.58844,0.41378,0.42282,0.17024,0.67644,0.71274,0.77552,0.50599,0.53671,0.54949,0.18288
0.91004,0.91674,0.94755,0.97801,0.88977,0.87688,0.97035,1,0.90494,0.89173,0.88682,0.95181,0.876,0.94309,0.85626,0.87657,0.87883,0.88543,0.93458,0.92624,0.86964,0.88105,0.92262,0.94169,0.799,0.87045,0.86502,0.84379,0.87099,0.90696,0.90965,0.93398,0.89559,0.94596,0.76033,0.84688,0.71067,0.83675,0.86852,0.87295,0.8751,0.84136,0.84918,0.84928,0.83631,0.84199,0.85453,0.85388,0.87252,0.86449,0.86201,0.85464,0.85892,0.84407,0.87119,0.8596,0.84841,0.87529,0.881,0.87066,0.87223,0.85167,0.86095,0.83849,0.46059,0.70906,0.88655,0.88705,0.84269,0.83489,0.85411,0.86792,0.76578,0.80063,0.72668,0.82212,0.64616,0.63877,0.88527,0.86471,0.88011,0.89108,0.84247,0.89455,0.86938,0.89499,0.82654,0.84918,0.88269,0.89259,0.78744,0.84635,0.39879,0.70731,0.52699,0.49349,0.82912,0.79752,0.83102,0.84947,0.5628,0.73303,0.44824,0.69055,0.45607,0.53048,0.39516,0.40635,0.15463,0.66802,0.68554,0.76285,0.46909,0.5044,0.51592,0.17823
0.93327,0.90823,0.90749,0.9062,0.97081,0.956,0.91683,0.90494,1,0.97418,0.93161,0.896,0.94963,0.94534,0.96141,0.96582,0.94218,0.90342,0.87167,0.8769,0.95667,0.94213,0.92097,0.91358,0.9064,0.94256,0.93489,0.91692,0.94138,0.94481,0.93409,0.92027,0.83429,0.87911,0.75864,0.85258,0.64504,0.8329,0.90969,0.9236,0.94286,0.90847,0.91136,0.92348,0.86072,0.8871,0.93375,0.93145,0.90257,0.89401,0.83881,0.83448,0.89133,0.90197,0.93611,0.95326,0.92585,0.91929,0.94438,0.93328,0.88094,0.84347,0.84738,0.75976,0.37545,0.65352,0.91976,0.89527,0.90655,0.8944,0.8588,0.87543,0.83471,0.83604,0.77357,0.83083,0.64052,0.63081,0.93637,0.93541,0.93858,0.95296,0.94961,0.96629,0.92026,0.93338,0.92989,0.94068,0.93702,0.9491,0.70649,0.83781,0.28127,0.70988,0.53758,0.48973,0.82256,0.78396,0.80982,0.87074,0.55629,0.77099,0.42122,0.7012,0.42011,0.48393,0.39346,0.37711,0.0097522,0.67577,0.6194,0.71056,0.33902,0.44693,0.4349,0.061563
0.90924,0.89006,0.85877,0.87989,0.93415,0.9509,0.87606,0.89173,0.97418,1,0.91057,0.89332,0.92887,0.94492,0.93709,0.96422,0.91651,0.88065,0.84336,0.85224,0.92699,0.9294,0.87582,0.88292,0.8611,0.91993,0.89947,0.90303,0.91917,0.93046,0.89719,0.89186,0.79324,0.851,0.70267,0.81267,0.6228,0.80136,0.87579,0.89563,0.921,0.89224,0.87985,0.89534,0.83217,0.86094,0.90724,0.90412,0.89053,0.8733,0.82008,0.8124,0.87185,0.881,0.92107,0.92961,0.9073,0.90388,0.91424,0.91722,0.85247,0.86222,0.82569,0.76772,0.32834,0.64723,0.87567,0.86104,0.88869,0.87716,0.82641,0.85707,0.82389,0.83197,0.75193,0.80238,0.59445,0.60532,0.90908,0.91763,0.92053,0.9317,0.93553,0.95646,0.89539,0.91265,0.90403,0.92839,0.90816,0.93396,0.65412,0.79026,0.2179,0.63981,0.49825,0.42144,0.76273,0.72863,0.75337,0.82781,0.49863,0.71432,0.34998,0.66853,0.35732,0.40255,0.32578,0.37034,-0.040621,0.62122,0.54089,0.64988,0.25665,0.36426,0.36862,-0.0004271
0.93888,0.90203,0.88118,0.87271,0.91314,0.8877,0.90306,0.88682,0.93161,0.91057,1,0.92565,0.96669,0.95301,0.95009,0.94399,0.9436,0.93427,0.88351,0.88103,0.90743,0.88416,0.88761,0.866,0.85216,0.88683,0.89466,0.8594,0.96126,0.95224,0.89982,0.87887,0.82877,0.88322,0.73091,0.79971,0.61167,0.79905,0.89071,0.88699,0.9389,0.90924,0.86924,0.8824,0.83019,0.84537,0.89507,0.89156,0.87485,0.85755,0.82225,0.81354,0.86236,0.85834,0.91441,0.92681,0.9229,0.91037,0.91152,0.89728,0.87765,0.82435,0.86803,0.80405,0.35248,0.61729,0.87139,0.84853,0.86658,0.85545,0.85727,0.87374,0.86809,0.86665,0.7902,0.84641,0.67524,0.68369,0.92324,0.93804,0.92319,0.94225,0.93938,0.9509,0.91467,0.9155,0.88332,0.9003,0.91042,0.91826,0.65959,0.80646,0.23345,0.67807,0.54722,0.47763,0.80315,0.77745,0.79436,0.8527,0.50305,0.73051,0.41431,0.68786,0.423,0.48512,0.39924,0.37535,-0.010204,0.66132,0.58643,0.66791,0.34454,0.42722,0.417,0.036316
0.92996,0.93262,0.90567,0.92444,0.85989,0.8505,0.93289,0.95181,0.896,0.89332,0.92565,1,0.91394,0.97304,0.86699,0.89138,0.90761,0.93036,0.9136,0.92115,0.85534,0.87327,0.87444,0.88046,0.7541,0.85645,0.84245,0.82636,0.8966,0.92856,0.8717,0.89004,0.85547,0.91598,0.72718,0.82148,0.73764,0.82901,0.87586,0.8799,0.88886,0.82049,0.86773,0.8716,0.82471,0.8372,0.87646,0.87018,0.88223,0.86703,0.87128,0.85419,0.88925,0.86311,0.91235,0.88517,0.88359,0.90836,0.90391,0.90213,0.88226,0.87319,0.8881,0.86186,0.43173,0.6783,0.87786,0.87591,0.86637,0.86619,0.83135,0.86086,0.77536,0.80778,0.73299,0.80238,0.62478,0.63288,0.91394,0.90935,0.91966,0.92435,0.87778,0.92232,0.90191,0.91561,0.82905,0.86733,0.89915,0.91301,0.71906,0.82213,0.26219,0.64445,0.57726,0.47334,0.8062,0.79292,0.79831,0.83995,0.45987,0.67982,0.34948,0.67865,0.37578,0.43663,0.30166,0.43199,0.13279,0.66185,0.61776,0.70919,0.38443,0.4146,0.42148,0.08892
0.94181,0.89693,0.90065,0.87126,0.92024,0.88524,0.90747,0.876,0.94963,0.92887,0.96669,0.91394,1,0.95202,0.97303,0.95198,0.93318,0.91148,0.86682,0.85559,0.92807,0.91851,0.91558,0.88855,0.87324,0.93015,0.91156,0.8865,0.95105,0.93793,0.92521,0.9022,0.81383,0.86427,0.77439,0.83639,0.65334,0.82232,0.91634,0.91552,0.94993,0.90246,0.89534,0.90816,0.84143,0.85987,0.9225,0.91573,0.88422,0.87508,0.83086,0.8304,0.88842,0.89484,0.93926,0.94705,0.92483,0.91334,0.93034,0.91741,0.89622,0.8543,0.86865,0.76973,0.42396,0.66798,0.892,0.86483,0.87264,0.86691,0.85859,0.87888,0.85384,0.84636,0.77257,0.813,0.63425,0.6341,0.92942,0.93702,0.94034,0.9514,0.96474,0.96007,0.95219,0.93988,0.8997,0.9205,0.94833,0.95404,0.67908,0.836,0.24929,0.71441,0.56225,0.47358,0.80358,0.7746,0.79679,0.85482,0.49724,0.75427,0.40389,0.71144,0.42441,0.48299,0.37219,0.38238,-0.014739,0.6488,0.57332,0.66148,0.35206,0.40824,0.39892,0.0098551
0.93246,0.9197,0.90461,0.92153,0.91514,0.91065,0.92655,0.94309,0.94534,0.94492,0.95301,0.97304,0.95202,1,0.92734,0.95183,0.93154,0.92945,0.88535,0.89506,0.91174,0.92306,0.9007,0.90329,0.83044,0.91218,0.88584,0.86827,0.94045,0.9636,0.91526,0.9208,0.82626,0.89492,0.71517,0.82492,0.67717,0.83002,0.89365,0.90696,0.92723,0.88406,0.88067,0.89404,0.82873,0.85122,0.90188,0.8967,0.88764,0.87184,0.84228,0.83428,0.88842,0.8788,0.93158,0.92589,0.90529,0.91219,0.92191,0.91766,0.86746,0.86015,0.85926,0.80787,0.35033,0.6387,0.8822,0.87121,0.88029,0.8737,0.86125,0.88685,0.82627,0.84574,0.76836,0.8275,0.63712,0.64511,0.92621,0.93184,0.93179,0.94261,0.92884,0.96191,0.91137,0.92891,0.88825,0.91918,0.92843,0.93779,0.70053,0.82077,0.2627,0.6683,0.54172,0.46632,0.80789,0.78553,0.80395,0.8569,0.50864,0.72565,0.39375,0.69865,0.39877,0.45398,0.36728,0.41096,0.038329,0.65876,0.60022,0.69822,0.3527,0.42416,0.42471,0.070684
0.91717,0.87203,0.88599,0.8651,0.95728,0.91792,0.88133,0.85626,0.96141,0.93709,0.95009,0.86699,0.97303,0.92734,1,0.97441,0.93164,0.89312,0.85069,0.83791,0.96064,0.92688,0.92708,0.9002,0.93213,0.94412,0.9427,0.90072,0.96027,0.94185,0.94365,0.90856,0.80267,0.85444,0.76803,0.82848,0.59375,0.81095,0.91842,0.91507,0.95896,0.94337,0.87394,0.89208,0.82921,0.85126,0.91105,0.90717,0.8675,0.85631,0.79733,0.80119,0.86133,0.87486,0.9238,0.9481,0.91094,0.8903,0.90948,0.89441,0.86156,0.81216,0.83848,0.73046,0.37764,0.62948,0.87678,0.84728,0.85491,0.84335,0.86768,0.87943,0.87645,0.8631,0.78622,0.84685,0.65616,0.65681,0.91817,0.92814,0.92344,0.94188,0.97625,0.96346,0.93092,0.92844,0.93822,0.93766,0.93622,0.94237,0.66966,0.82175,0.27392,0.72699,0.54114,0.49177,0.81075,0.77254,0.79609,0.85574,0.55392,0.77259,0.44787,0.70088,0.45953,0.52381,0.43806,0.33776,-0.040915,0.68015,0.58617,0.66448,0.34336,0.44577,0.43057,0.039523
0.90863,0.87879,0.86701,0.8753,0.9532,0.94789,0.87019,0.87657,0.96582,0.96422,0.94399,0.89138,0.95198,0.95183,0.97441,1,0.93858,0.90039,0.84759,0.84947,0.95918,0.93594,0.90535,0.8976,0.90995,0.93556,0.92777,0.8983,0.96007,0.96174,0.92936,0.9082,0.79223,0.85851,0.71293,0.79981,0.58078,0.79932,0.89616,0.90839,0.94891,0.93652,0.86416,0.88479,0.82198,0.85077,0.90351,0.90259,0.87565,0.85959,0.79939,0.80468,0.86254,0.87404,0.91945,0.94275,0.91174,0.89848,0.90687,0.90336,0.84088,0.82663,0.82686,0.75248,0.30914,0.60861,0.86311,0.84274,0.8657,0.85034,0.85932,0.88043,0.86782,0.8675,0.78274,0.84412,0.63296,0.64974,0.92215,0.93562,0.92859,0.94703,0.9705,0.97987,0.90701,0.92876,0.94074,0.95218,0.91228,0.93548,0.64438,0.79483,0.22883,0.66895,0.52458,0.46888,0.79685,0.76111,0.77629,0.85128,0.52839,0.74045,0.39462,0.67587,0.41132,0.46791,0.395,0.34569,-0.056648,0.68247,0.56532,0.66407,0.29595,0.41544,0.39959,0.033661
0.96104,0.94507,0.87526,0.88008,0.93385,0.91108,0.88178,0.87883,0.94218,0.91651,0.9436,0.90761,0.93318,0.93154,0.93164,0.93858,1,0.97214,0.90022,0.91826,0.92608,0.89229,0.88411,0.87022,0.87405,0.89638,0.90483,0.86707,0.97251,0.96823,0.90258,0.88786,0.86602,0.91262,0.76897,0.84361,0.65867,0.84007,0.9057,0.91824,0.94294,0.89488,0.92671,0.93614,0.89466,0.91531,0.95025,0.94835,0.92482,0.91457,0.86813,0.8648,0.9106,0.91784,0.93268,0.95285,0.97318,0.9609,0.93699,0.93609,0.86679,0.82545,0.87751,0.81336,0.37209,0.64518,0.9139,0.90142,0.93247,0.91459,0.8521,0.87486,0.84276,0.83817,0.78959,0.83944,0.67818,0.67146,0.98607,0.98104,0.97014,0.98194,0.94283,0.96657,0.91828,0.92896,0.90716,0.91315,0.90471,0.9285,0.68563,0.81178,0.22363,0.64924,0.58098,0.53076,0.83888,0.80675,0.81591,0.8727,0.48788,0.71249,0.38394,0.65298,0.38917,0.4542,0.35873,0.33586,0.058561,0.71924,0.63411,0.72176,0.34098,0.44019,0.40946,0.07639
0.95101,0.95073,0.88052,0.8907,0.8873,0.86813,0.88999,0.88543,0.90342,0.88065,0.93427,0.93036,0.91148,0.92945,0.89312,0.90039,0.97214,1,0.91243,0.93759,0.88027,0.86264,0.86534,0.85809,0.81546,0.85957,0.86992,0.84178,0.94485,0.95594,0.87162,0.86694,0.87431,0.91755,0.76448,0.82347,0.68504,0.83364,0.88049,0.89303,0.91474,0.86064,0.89738,0.90226,0.88117,0.8945,0.9153,0.9136,0.91294,0.89542,0.87105,0.85877,0.88962,0.89216,0.90813,0.9159,0.94773,0.95286,0.90291,0.90098,0.85902,0.80578,0.88019,0.84945,0.40903,0.64576,0.88977,0.87952,0.91631,0.90708,0.83052,0.85013,0.81444,0.82626,0.78308,0.82196,0.66636,0.67147,0.95799,0.96826,0.94357,0.96323,0.90785,0.94141,0.89446,0.91195,0.86137,0.88435,0.87571,0.89918,0.67825,0.79661,0.21962,0.63354,0.58245,0.51674,0.82356,0.79582,0.79445,0.84818,0.46549,0.68649,0.38054,0.65317,0.39011,0.44674,0.33889,0.35585,0.1018,0.71218,0.63862,0.71145,0.34662,0.42827,0.40743,0.09163
0.9469,0.95069,0.9317,0.93963,0.8634,0.81926,0.94138,0.93458,0.87167,0.84336,0.88351,0.9136,0.86682,0.88535,0.85069,0.84759,0.90022,0.91243,1,0.97525,0.83723,0.83262,0.89209,0.89198,0.78658,0.83592,0.84004,0.80604,0.87294,0.89042,0.88024,0.88719,0.94658,0.97158,0.81171,0.85102,0.72163,0.84375,0.8641,0.86527,0.87835,0.83827,0.86603,0.86237,0.87852,0.87292,0.8725,0.87093,0.89217,0.87945,0.89204,0.88023,0.87377,0.86222,0.86509,0.8596,0.8908,0.91303,0.8733,0.86327,0.88923,0.81429,0.9181,0.88896,0.53409,0.71931,0.89513,0.89503,0.8791,0.86531,0.83914,0.84774,0.78284,0.80619,0.74649,0.84201,0.68546,0.66574,0.9085,0.87958,0.89856,0.90812,0.84066,0.8813,0.8877,0.90198,0.80806,0.83044,0.85467,0.88083,0.76311,0.84717,0.34364,0.69444,0.58848,0.52993,0.83808,0.81067,0.82952,0.8519,0.51417,0.71432,0.44543,0.68188,0.45904,0.53644,0.36347,0.39537,0.18049,0.68881,0.6993,0.76587,0.47824,0.51319,0.52237,0.1471
0.94622,0.97294,0.91181,0.93888,0.86881,0.84093,0.92102,0.92624,0.8769,0.85224,0.88103,0.92115,0.85559,0.89506,0.83791,0.84947,0.91826,0.93759,0.97525,1,0.83438,0.82761,0.86533,0.87392,0.77611,0.82036,0.84265,0.81831,0.87512,0.90447,0.85202,0.86542,0.93273,0.96173,0.78954,0.84797,0.72883,0.85232,0.85062,0.86148,0.86898,0.81622,0.87859,0.87499,0.8846,0.88875,0.88088,0.88135,0.90415,0.89411,0.8962,0.87799,0.87919,0.86995,0.86528,0.86502,0.91097,0.94085,0.89139,0.88653,0.87819,0.80711,0.897,0.88779,0.4827,0.6916,0.90748,0.90574,0.92721,0.92017,0.81041,0.8284,0.74353,0.7741,0.73666,0.82247,0.67275,0.65227,0.91963,0.89558,0.90628,0.92065,0.83458,0.89053,0.87346,0.89961,0.81514,0.83855,0.85086,0.87681,0.75792,0.83048,0.32589,0.66068,0.59633,0.54347,0.83874,0.81136,0.82113,0.85412,0.50568,0.69348,0.42636,0.66258,0.41595,0.48145,0.35391,0.40439,0.20514,0.70085,0.71784,0.78437,0.4402,0.50773,0.49397,0.16027
0.89073,0.85904,0.89385,0.88598,0.95952,0.95094,0.87367,0.86964,0.95667,0.92699,0.90743,0.85534,0.92807,0.91174,0.96064,0.95918,0.92608,0.88027,0.83723,0.83438,1,0.95777,0.93743,0.92439,0.94128,0.94901,0.9541,0.92158,0.93786,0.93932,0.94994,0.92967,0.80928,0.86525,0.77489,0.8505,0.6329,0.84001,0.92374,0.93306,0.95006,0.93222,0.86906,0.88449,0.82213,0.85508,0.89979,0.90478,0.86557,0.8649,0.79982,0.81176,0.84508,0.86771,0.9145,0.94048,0.88373,0.87237,0.90828,0.89835,0.8359,0.80864,0.80653,0.70087,0.38744,0.65156,0.88941,0.86892,0.854,0.84218,0.89125,0.88824,0.86159,0.85682,0.81232,0.85369,0.67342,0.66623,0.90999,0.91085,0.91692,0.93265,0.95993,0.95475,0.90471,0.9237,0.9576,0.95105,0.91879,0.93616,0.70969,0.84708,0.31987,0.75123,0.5429,0.53042,0.85148,0.81191,0.8177,0.89019,0.59434,0.79874,0.44676,0.71898,0.50318,0.55677,0.43487,0.37949,0.021191,0.72526,0.65471,0.73846,0.38916,0.49905,0.48266,0.11949
0.87572,0.85366,0.87384,0.88159,0.9173,0.91241,0.87496,0.88105,0.94213,0.9294,0.88416,0.87327,0.91851,0.92306,0.92688,0.93594,0.89229,0.86264,0.83262,0.82761,0.95777,1,0.89882,0.90159,0.86367,0.95097,0.8961,0.88457,0.91194,0.92736,0.93098,0.92926,0.78018,0.84748,0.71377,0.83017,0.66037,0.82519,0.90233,0.91356,0.92977,0.91477,0.84504,0.86339,0.78228,0.81465,0.87876,0.8722,0.84152,0.82694,0.76786,0.77652,0.83163,0.84649,0.90604,0.91515,0.86285,0.85786,0.89333,0.88896,0.82202,0.83184,0.80389,0.70785,0.34634,0.6248,0.86235,0.84567,0.84454,0.83652,0.88474,0.89502,0.85273,0.85683,0.79525,0.83004,0.64318,0.64275,0.88514,0.88593,0.89785,0.90187,0.9353,0.94505,0.88082,0.89711,0.90141,0.92378,0.91808,0.93444,0.71936,0.84791,0.3458,0.75292,0.51361,0.46657,0.81787,0.77852,0.8146,0.86316,0.58135,0.80454,0.45614,0.76603,0.48283,0.52103,0.41298,0.44105,0.022698,0.65684,0.6028,0.70105,0.39827,0.47041,0.48449,0.08591
0.89479,0.8664,0.97194,0.94863,0.9335,0.88918,0.94502,0.92262,0.92097,0.87582,0.88761,0.87444,0.91558,0.9007,0.92708,0.90535,0.88411,0.86534,0.89209,0.86533,0.93743,0.89882,1,0.98383,0.93012,0.92952,0.95021,0.9115,0.89293,0.89867,0.97001,0.95662,0.87169,0.90796,0.85575,0.87325,0.66405,0.84856,0.90228,0.9058,0.91071,0.89354,0.85411,0.85584,0.83868,0.85091,0.8697,0.8747,0.85669,0.86504,0.83666,0.84362,0.85394,0.8668,0.87219,0.89064,0.84434,0.84739,0.87313,0.84797,0.8614,0.78389,0.82641,0.73376,0.54293,0.71736,0.89077,0.87082,0.81138,0.80252,0.88019,0.87072,0.81403,0.8208,0.7677,0.83328,0.65702,0.63241,0.88405,0.87177,0.88222,0.90231,0.89795,0.90402,0.90941,0.92072,0.89479,0.89144,0.90574,0.90767,0.77917,0.86847,0.42773,0.79264,0.52897,0.53326,0.84644,0.80163,0.82963,0.86661,0.61562,0.79712,0.50202,0.70564,0.53421,0.63009,0.45137,0.33259,0.090376,0.69632,0.70465,0.76065,0.48294,0.53862,0.53382,0.19321
0.88166,0.86607,0.96471,0.97016,0.91776,0.89783,0.94545,0.94169,0.91358,0.88292,0.866,0.88046,0.88855,0.90329,0.9002,0.8976,0.87022,0.85809,0.89198,0.87392,0.92439,0.90159,0.98383,1,0.90413,0.93137,0.93644,0.91756,0.87713,0.89143,0.95532,0.95519,0.87787,0.91331,0.83862,0.87231,0.67086,0.84774,0.88269,0.89272,0.89302,0.87841,0.83884,0.83786,0.83517,0.84562,0.8515,0.85618,0.85829,0.86239,0.83913,0.8426,0.84436,0.85563,0.8582,0.87131,0.83181,0.84238,0.85521,0.84046,0.84612,0.793,0.81519,0.74947,0.53106,0.73851,0.88288,0.87323,0.81647,0.80751,0.86554,0.86261,0.79517,0.8097,0.76283,0.8261,0.65206,0.63479,0.87179,0.85695,0.86557,0.88685,0.87691,0.89433,0.88062,0.91002,0.87101,0.87988,0.88136,0.89494,0.78627,0.85188,0.44087,0.76959,0.52394,0.52054,0.83724,0.7896,0.81827,0.85356,0.6181,0.77881,0.49263,0.69235,0.5245,0.60283,0.43239,0.34692,0.10351,0.69325,0.70647,0.76254,0.47179,0.53373,0.52762,0.19101
0.84403,0.80087,0.86983,0.84548,0.94443,0.91148,0.82463,0.799,0.9064,0.8611,0.85216,0.7541,0.87324,0.83044,0.93213,0.90995,0.87405,0.81546,0.78658,0.77611,0.94128,0.86367,0.93012,0.90413,1,0.92434,0.95429,0.90352,0.88315,0.87041,0.92081,0.87452,0.7642,0.80417,0.79399,0.80919,0.51689,0.78326,0.86234,0.88079,0.88917,0.909,0.81561,0.83095,0.80076,0.83035,0.85004,0.86097,0.8172,0.83176,0.75796,0.77759,0.803,0.83563,0.83492,0.89067,0.83562,0.81357,0.84169,0.81765,0.7755,0.68694,0.73766,0.61766,0.38732,0.6031,0.83387,0.80611,0.78426,0.76674,0.82116,0.80496,0.80231,0.7821,0.73683,0.80766,0.62522,0.60035,0.85367,0.85607,0.84894,0.87656,0.90086,0.88817,0.85687,0.87713,0.93237,0.90757,0.86276,0.86685,0.66554,0.78272,0.34561,0.72898,0.46207,0.51828,0.80045,0.7476,0.76325,0.8308,0.61744,0.7789,0.49981,0.64258,0.49822,0.59969,0.49682,0.23052,-0.012732,0.69143,0.64704,0.70123,0.37594,0.51571,0.48249,0.18718
0.89099,0.85591,0.89731,0.89067,0.92086,0.90531,0.88449,0.87045,0.94256,0.91993,0.88683,0.85645,0.93015,0.91218,0.94412,0.93556,0.89638,0.85957,0.83592,0.82036,0.94901,0.95097,0.92952,0.93137,0.92434,1,0.9269,0.9153,0.91495,0.91315,0.94942,0.92939,0.79918,0.8482,0.79271,0.86863,0.65513,0.84134,0.91483,0.931,0.93074,0.91169,0.86591,0.88031,0.81537,0.84027,0.89104,0.88983,0.85679,0.85342,0.79845,0.80859,0.85665,0.86557,0.90781,0.92282,0.8739,0.86419,0.89796,0.89029,0.83878,0.81418,0.81134,0.70315,0.41361,0.67244,0.88234,0.8671,0.83885,0.83331,0.86151,0.86708,0.82708,0.82088,0.7584,0.81621,0.63372,0.62365,0.89757,0.89435,0.9005,0.91131,0.94111,0.94062,0.8999,0.91608,0.90456,0.92896,0.92032,0.93601,0.71453,0.83806,0.34043,0.74626,0.52129,0.488,0.82244,0.78185,0.80287,0.85355,0.5758,0.79016,0.46687,0.72456,0.47488,0.54647,0.42389,0.36671,0.035541,0.66947,0.62499,0.6984,0.39912,0.46808,0.47815,0.11014
0.89009,0.86026,0.91496,0.90171,0.95857,0.93588,0.87844,0.86502,0.93489,0.89947,0.89466,0.84245,0.91156,0.88584,0.9427,0.92777,0.90483,0.86992,0.84004,0.84265,0.9541,0.8961,0.95021,0.93644,0.95429,0.9269,1,0.96368,0.90474,0.89983,0.92582,0.89634,0.81136,0.8552,0.80817,0.83866,0.59391,0.80757,0.89085,0.8996,0.90785,0.89462,0.85418,0.86089,0.83089,0.85814,0.8743,0.87879,0.86673,0.87376,0.82213,0.82617,0.85421,0.87295,0.87696,0.91292,0.87498,0.86928,0.88529,0.87511,0.82778,0.76469,0.78268,0.6961,0.43861,0.66667,0.87815,0.85523,0.83824,0.8312,0.82898,0.82732,0.80958,0.79755,0.75159,0.80589,0.61802,0.60469,0.8905,0.89471,0.89212,0.91505,0.91976,0.91514,0.89714,0.91384,0.92581,0.92042,0.89148,0.90786,0.68128,0.80096,0.30435,0.70958,0.50484,0.50513,0.80852,0.76464,0.76385,0.83756,0.55088,0.74201,0.40857,0.62822,0.43125,0.53137,0.40593,0.27059,0.019477,0.69119,0.64237,0.69897,0.35317,0.46126,0.41773,0.12115
0.85926,0.83757,0.89073,0.88546,0.90205,0.92354,0.85482,0.84379,0.91692,0.90303,0.8594,0.82636,0.8865,0.86827,0.90072,0.8983,0.86707,0.84178,0.80604,0.81831,0.92158,0.88457,0.9115,0.91756,0.90352,0.9153,0.96368,1,0.86117,0.86248,0.8857,0.86541,0.79378,0.82735,0.80808,0.8341,0.62498,0.80726,0.84917,0.87709,0.87184,0.85011,0.83496,0.83436,0.80997,0.83559,0.8429,0.84991,0.85527,0.86034,0.82054,0.81625,0.83416,0.8543,0.85447,0.87989,0.84368,0.85196,0.86373,0.86254,0.81984,0.78087,0.76047,0.6932,0.47626,0.70984,0.86518,0.84794,0.83229,0.83463,0.79827,0.80073,0.78008,0.77585,0.76066,0.76619,0.58364,0.57364,0.85782,0.86457,0.86618,0.88654,0.88848,0.8868,0.86805,0.8946,0.87536,0.89836,0.85431,0.88688,0.66646,0.78513,0.2795,0.68492,0.50107,0.47062,0.7709,0.73176,0.71585,0.81154,0.51344,0.71124,0.34654,0.62923,0.39609,0.47885,0.30487,0.3219,0.030281,0.65159,0.61305,0.67859,0.30695,0.40619,0.3855,0.082902
0.93155,0.89994,0.8622,0.8668,0.93298,0.9003,0.87498,0.87099,0.94138,0.91917,0.96126,0.8966,0.95105,0.94045,0.96027,0.96007,0.97251,0.94485,0.87294,0.87512,0.93786,0.91194,0.89293,0.87713,0.88315,0.91495,0.90474,0.86117,1,0.97933,0.93189,0.90855,0.82864,0.88467,0.7346,0.82003,0.61006,0.8193,0.90847,0.90918,0.95661,0.93136,0.89009,0.90609,0.84493,0.86244,0.91925,0.91491,0.88113,0.85869,0.80616,0.80011,0.86579,0.87373,0.9214,0.94276,0.94082,0.91575,0.9041,0.8968,0.83555,0.80435,0.83938,0.76501,0.31236,0.59933,0.8769,0.85676,0.88612,0.86694,0.886,0.90059,0.8949,0.88322,0.82128,0.8673,0.71037,0.72086,0.95409,0.96534,0.93688,0.95479,0.96455,0.97126,0.89817,0.90664,0.90515,0.9113,0.90227,0.91924,0.66069,0.79569,0.23376,0.6703,0.57648,0.52573,0.8204,0.79043,0.80386,0.85565,0.50997,0.7234,0.42133,0.67907,0.43963,0.49541,0.42116,0.34165,0.0013894,0.70745,0.59629,0.67238,0.34184,0.44362,0.42734,0.064884
0.92999,0.9207,0.88677,0.89982,0.93447,0.91926,0.89508,0.90696,0.94481,0.93046,0.95224,0.92856,0.93793,0.9636,0.94185,0.96174,0.96823,0.95594,0.89042,0.90447,0.93932,0.92736,0.89867,0.89143,0.87041,0.91315,0.89983,0.86248,0.97933,1,0.9337,0.93063,0.83683,0.90519,0.72595,0.82421,0.65958,0.84584,0.9004,0.92069,0.94658,0.92168,0.88419,0.90109,0.83831,0.86554,0.91183,0.91256,0.88733,0.87054,0.8275,0.82316,0.88074,0.88076,0.92456,0.93882,0.92568,0.9229,0.91809,0.90996,0.84428,0.81552,0.85123,0.79124,0.32221,0.59337,0.88335,0.86839,0.8914,0.87937,0.89781,0.90917,0.87181,0.88206,0.83011,0.87905,0.70395,0.70605,0.94969,0.95818,0.94406,0.9589,0.9464,0.9795,0.89942,0.92036,0.91671,0.93602,0.91093,0.92837,0.69844,0.8277,0.2635,0.6834,0.56891,0.53511,0.84506,0.82144,0.82996,0.88587,0.52819,0.74116,0.42346,0.70425,0.43435,0.50228,0.40202,0.37254,0.064507,0.71874,0.64329,0.73239,0.3828,0.48368,0.46478,0.12815
0.8932,0.86293,0.93044,0.91906,0.93518,0.88337,0.92131,0.90965,0.93409,0.89719,0.89982,0.8717,0.92521,0.91526,0.94365,0.92936,0.90258,0.87162,0.88024,0.85202,0.94994,0.93098,0.97001,0.95532,0.92081,0.94942,0.92582,0.8857,0.93189,0.9337,1,0.98597,0.85603,0.90247,0.81696,0.88138,0.66864,0.85631,0.91465,0.92154,0.93539,0.92408,0.86628,0.87605,0.82224,0.83566,0.88508,0.88435,0.84278,0.83884,0.80314,0.80733,0.85278,0.85677,0.89271,0.90644,0.86126,0.85222,0.88429,0.86266,0.84243,0.79424,0.82465,0.7178,0.44546,0.66369,0.89368,0.87576,0.82403,0.81155,0.9193,0.90433,0.86068,0.86211,0.80173,0.86601,0.69272,0.67524,0.90226,0.88948,0.89776,0.91051,0.91811,0.93161,0.90007,0.91425,0.89297,0.90115,0.91203,0.91983,0.76848,0.86554,0.40655,0.77784,0.5319,0.53159,0.84439,0.80502,0.84518,0.867,0.59794,0.79042,0.49978,0.72275,0.52438,0.61976,0.45369,0.33996,0.075154,0.67508,0.67574,0.73737,0.48065,0.53194,0.53969,0.16114
0.8832,0.86679,0.93402,0.93611,0.91289,0.8731,0.9317,0.93398,0.92027,0.89186,0.87887,0.89004,0.9022,0.9208,0.90856,0.9082,0.88786,0.86694,0.88719,0.86542,0.92967,0.92926,0.95662,0.95519,0.87452,0.92939,0.89634,0.86541,0.90855,0.93063,0.98597,1,0.86385,0.91469,0.79984,0.88591,0.71866,0.87281,0.89851,0.91329,0.91314,0.89545,0.85572,0.8635,0.80722,0.82288,0.86947,0.86959,0.83021,0.83055,0.80738,0.80759,0.85093,0.84674,0.88269,0.88516,0.83965,0.84302,0.87772,0.85963,0.84164,0.80931,0.82802,0.73636,0.45484,0.67381,0.89092,0.88132,0.8212,0.81236,0.92278,0.91055,0.83371,0.8512,0.80323,0.86052,0.69792,0.67446,0.89169,0.86986,0.88972,0.89608,0.88579,0.91974,0.88641,0.90467,0.87047,0.88559,0.90378,0.9132,0.80858,0.88304,0.4486,0.78289,0.54368,0.5456,0.85545,0.82364,0.86552,0.87555,0.60573,0.78915,0.50274,0.73669,0.52599,0.6188,0.43214,0.3821,0.1474,0.67668,0.70988,0.77413,0.52708,0.56351,0.57097,0.19927
0.90545,0.907,0.90346,0.91106,0.81806,0.78249,0.92243,0.89559,0.83429,0.79324,0.82877,0.85547,0.81383,0.82626,0.80267,0.79223,0.86602,0.87431,0.94658,0.93273,0.80928,0.78018,0.87169,0.87787,0.7642,0.79918,0.81136,0.79378,0.82864,0.83683,0.85603,0.86385,1,0.97678,0.88715,0.88795,0.75248,0.86241,0.84006,0.84112,0.8419,0.79024,0.87501,0.85757,0.9138,0.89544,0.86455,0.86863,0.89114,0.89454,0.9198,0.90936,0.86127,0.85282,0.83701,0.82767,0.85971,0.87986,0.85242,0.84436,0.90539,0.80661,0.91523,0.88809,0.65296,0.81918,0.92482,0.93612,0.85365,0.84989,0.8236,0.82793,0.74469,0.76667,0.73442,0.80947,0.71336,0.67985,0.87803,0.84059,0.86199,0.87777,0.78698,0.83359,0.86368,0.88573,0.74921,0.76742,0.81334,0.83827,0.80976,0.8516,0.39985,0.70541,0.59016,0.54597,0.85015,0.81156,0.8399,0.8441,0.52799,0.69787,0.46944,0.65435,0.49689,0.56043,0.33757,0.40297,0.23405,0.69284,0.75105,0.79499,0.51416,0.53422,0.54215,0.16391
0.93539,0.94192,0.92981,0.94545,0.87131,0.84347,0.94479,0.94596,0.87911,0.851,0.88322,0.91598,0.86427,0.89492,0.85444,0.85851,0.91262,0.91755,0.97158,0.96173,0.86525,0.84748,0.90796,0.91331,0.80417,0.8482,0.8552,0.82735,0.88467,0.90519,0.90247,0.91469,0.97678,1,0.84864,0.88586,0.74329,0.86934,0.87421,0.87826,0.88843,0.84404,0.88978,0.88311,0.90875,0.90301,0.89075,0.89451,0.912,0.90793,0.91842,0.9119,0.8875,0.87453,0.87749,0.87126,0.89042,0.91312,0.88914,0.88232,0.90501,0.83965,0.92308,0.89487,0.56154,0.76765,0.92451,0.93428,0.87482,0.86739,0.86762,0.87408,0.79484,0.8178,0.77056,0.8532,0.72002,0.69791,0.91661,0.88887,0.90701,0.91876,0.84443,0.89287,0.8937,0.91679,0.8147,0.8328,0.86195,0.88693,0.80606,0.86938,0.3805,0.71413,0.58248,0.54114,0.87187,0.83445,0.86408,0.87945,0.53838,0.72637,0.45775,0.68685,0.48335,0.55688,0.35894,0.39783,0.19991,0.71086,0.73862,0.80706,0.50741,0.53618,0.54188,0.16887
0.81512,0.79794,0.86238,0.81863,0.75518,0.70202,0.82769,0.76033,0.75864,0.70267,0.73091,0.72718,0.77439,0.71517,0.76803,0.71293,0.76897,0.76448,0.81171,0.78954,0.77489,0.71377,0.85575,0.83862,0.79399,0.79271,0.80817,0.80808,0.7346,0.72595,0.81696,0.79984,0.88715,0.84864,1,0.92161,0.74308,0.8508,0.81107,0.81865,0.77787,0.72234,0.82873,0.80721,0.85862,0.84187,0.80979,0.82115,0.81429,0.84294,0.85752,0.8541,0.80186,0.81436,0.77921,0.78128,0.76589,0.78472,0.79003,0.77225,0.85679,0.73526,0.80832,0.73224,0.78327,0.86634,0.88046,0.88209,0.7489,0.76277,0.75428,0.73389,0.65681,0.66867,0.67392,0.7279,0.65024,0.59172,0.7895,0.7553,0.78348,0.80356,0.74831,0.75017,0.84116,0.84418,0.72616,0.7352,0.78549,0.79812,0.79132,0.83792,0.43753,0.75005,0.57832,0.56786,0.81645,0.78227,0.78179,0.8065,0.52755,0.70079,0.4802,0.65621,0.55707,0.62453,0.32406,0.39049,0.26296,0.6626,0.7572,0.76676,0.53976,0.53338,0.54192,0.21754
0.87756,0.86675,0.88009,0.87454,0.83591,0.7903,0.87417,0.84688,0.85258,0.81267,0.79971,0.82148,0.83639,0.82492,0.82848,0.79981,0.84361,0.82347,0.85102,0.84797,0.8505,0.83017,0.87325,0.87231,0.80919,0.86863,0.83866,0.8341,0.82003,0.82421,0.88138,0.88591,0.88795,0.88586,0.92161,1,0.80847,0.92012,0.89532,0.90088,0.85597,0.7924,0.91138,0.90368,0.87181,0.8755,0.8952,0.89927,0.85838,0.87198,0.86488,0.84904,0.85793,0.85895,0.88427,0.87518,0.83969,0.84674,0.88448,0.87248,0.867,0.81617,0.82352,0.73622,0.60251,0.81044,0.94651,0.95307,0.8577,0.86788,0.84034,0.83832,0.72034,0.73741,0.72751,0.80617,0.716,0.66735,0.86681,0.82519,0.85545,0.86353,0.82172,0.84126,0.87488,0.8831,0.80429,0.81048,0.87985,0.88789,0.85199,0.89462,0.4564,0.77709,0.60838,0.58451,0.88001,0.86075,0.87265,0.88378,0.57096,0.75337,0.50797,0.73474,0.55125,0.61113,0.40594,0.49827,0.25981,0.68137,0.79228,0.81943,0.55896,0.56903,0.58535,0.20743
0.70459,0.73596,0.73402,0.71789,0.58495,0.56008,0.73861,0.71067,0.64504,0.6228,0.61167,0.73764,0.65334,0.67717,0.59375,0.58078,0.65867,0.68504,0.72163,0.72883,0.6329,0.66037,0.66405,0.67086,0.51689,0.65513,0.59391,0.62498,0.61006,0.65958,0.66864,0.71866,0.75248,0.74329,0.74308,0.80847,1,0.89106,0.76738,0.78736,0.69973,0.56929,0.72781,0.71285,0.67086,0.67849,0.70291,0.70395,0.69083,0.70719,0.76903,0.72959,0.73594,0.69191,0.74072,0.67228,0.63913,0.69993,0.74575,0.74094,0.76867,0.72588,0.7682,0.69841,0.65763,0.7166,0.78719,0.80226,0.70108,0.73761,0.69668,0.69025,0.50472,0.55148,0.61062,0.6225,0.56711,0.50367,0.70274,0.63178,0.73092,0.69644,0.61956,0.67188,0.74582,0.73695,0.60079,0.65543,0.72802,0.74373,0.78903,0.81715,0.40797,0.65322,0.6683,0.58156,0.77975,0.80133,0.75605,0.75,0.39756,0.59232,0.33064,0.66458,0.43314,0.49515,0.14739,0.5819,0.51259,0.59762,0.72684,0.76671,0.57769,0.51605,0.55963,0.27109
0.85377,0.85717,0.8687,0.86617,0.81398,0.78476,0.85851,0.83675,0.8329,0.80136,0.79905,0.82901,0.82232,0.83002,0.81095,0.79932,0.84007,0.83364,0.84375,0.85232,0.84001,0.82519,0.84856,0.84774,0.78326,0.84134,0.80757,0.80726,0.8193,0.84584,0.85631,0.87281,0.86241,0.86934,0.8508,0.92012,0.89106,1,0.89728,0.93453,0.87017,0.81676,0.86218,0.85922,0.82182,0.83838,0.85962,0.86946,0.83027,0.85183,0.84802,0.82861,0.8394,0.83489,0.86856,0.86119,0.81466,0.83634,0.8693,0.8584,0.85176,0.79223,0.82741,0.74791,0.57688,0.75515,0.90467,0.90816,0.84308,0.85876,0.8648,0.86151,0.72841,0.75549,0.78659,0.83092,0.74578,0.69637,0.85554,0.80966,0.8557,0.85577,0.8172,0.85005,0.86332,0.87518,0.8191,0.83912,0.86364,0.8773,0.85602,0.91056,0.47075,0.78702,0.70468,0.68616,0.91085,0.91382,0.88513,0.90888,0.58589,0.76905,0.51692,0.76983,0.58024,0.64259,0.40515,0.55757,0.36698,0.73613,0.8296,0.87268,0.60306,0.63947,0.65088,0.29149
0.91117,0.88071,0.89157,0.87302,0.89669,0.85176,0.89221,0.86852,0.90969,0.87579,0.89071,0.87586,0.91634,0.89365,0.91842,0.89616,0.9057,0.88049,0.8641,0.85062,0.92374,0.90233,0.90228,0.88269,0.86234,0.91483,0.89085,0.84917,0.90847,0.9004,0.91465,0.89851,0.84006,0.87421,0.81107,0.89532,0.76738,0.89728,1,0.96607,0.95504,0.89718,0.90299,0.91095,0.8436,0.86326,0.91775,0.91678,0.8735,0.87044,0.83669,0.82941,0.86801,0.86401,0.94372,0.93546,0.88469,0.88054,0.91882,0.90642,0.87046,0.82963,0.85295,0.74108,0.47282,0.69884,0.92057,0.90549,0.86519,0.86735,0.85879,0.86729,0.80157,0.80261,0.74013,0.82901,0.66743,0.65288,0.91669,0.89578,0.92026,0.92387,0.93193,0.92925,0.92517,0.92035,0.897,0.90132,0.94095,0.94099,0.76284,0.87051,0.35218,0.75981,0.64703,0.58194,0.8892,0.86427,0.8497,0.88476,0.57432,0.78173,0.46477,0.74193,0.52345,0.58933,0.43883,0.4764,0.14978,0.73314,0.69238,0.75509,0.46265,0.52071,0.53049,0.14343
0.91918,0.89749,0.90238,0.88808,0.90427,0.88056,0.88926,0.87295,0.9236,0.89563,0.88699,0.8799,0.91552,0.90696,0.91507,0.90839,0.91824,0.89303,0.86527,0.86148,0.93306,0.91356,0.9058,0.89272,0.88079,0.931,0.8996,0.87709,0.90918,0.92069,0.92154,0.91329,0.84112,0.87826,0.81865,0.90088,0.78736,0.93453,0.96607,1,0.94771,0.89474,0.91529,0.92487,0.85802,0.8882,0.93194,0.93607,0.89452,0.89909,0.85963,0.85566,0.89506,0.89801,0.94966,0.95491,0.89521,0.89865,0.92699,0.9198,0.86101,0.82039,0.84683,0.74061,0.46419,0.69458,0.92553,0.91623,0.88463,0.888,0.86608,0.86917,0.80225,0.80624,0.78069,0.83633,0.67258,0.64681,0.92704,0.9073,0.937,0.93818,0.92962,0.94213,0.92436,0.93745,0.91366,0.9384,0.93124,0.94869,0.76026,0.87793,0.32726,0.74746,0.65753,0.62386,0.8924,0.87959,0.84546,0.90366,0.56602,0.78153,0.44849,0.73985,0.50095,0.58698,0.40195,0.46422,0.18074,0.73826,0.70716,0.78322,0.45508,0.52347,0.53065,0.17603
0.92713,0.89557,0.88301,0.87692,0.92762,0.89419,0.89092,0.8751,0.94286,0.921,0.9389,0.88886,0.94993,0.92723,0.95896,0.94891,0.94294,0.91474,0.87835,0.86898,0.95006,0.92977,0.91071,0.89302,0.88917,0.93074,0.90785,0.87184,0.95661,0.94658,0.93539,0.91314,0.8419,0.88843,0.77787,0.85597,0.69973,0.87017,0.95504,0.94771,1,0.94746,0.89133,0.90611,0.8479,0.87099,0.92286,0.91934,0.8908,0.87728,0.83046,0.82961,0.87486,0.87902,0.94512,0.95193,0.92102,0.91004,0.92413,0.91651,0.86977,0.83678,0.8717,0.77234,0.40698,0.6656,0.90308,0.88488,0.88778,0.8771,0.88521,0.89316,0.87721,0.87121,0.80762,0.86856,0.68725,0.68695,0.93422,0.92674,0.94459,0.94948,0.96542,0.96436,0.93478,0.93633,0.91809,0.9329,0.9356,0.95202,0.71343,0.85066,0.28746,0.72434,0.58908,0.51992,0.85129,0.81954,0.83405,0.88389,0.5437,0.76699,0.43647,0.72878,0.479,0.52933,0.39886,0.41815,0.032748,0.70147,0.63264,0.71703,0.38868,0.47335,0.47984,0.058753
0.86803,0.82505,0.8456,0.8514,0.91714,0.88879,0.84847,0.84136,0.90847,0.89224,0.90924,0.82049,0.90246,0.88406,0.94337,0.93652,0.89488,0.86064,0.83827,0.81622,0.93222,0.91477,0.89354,0.87841,0.909,0.91169,0.89462,0.85011,0.93136,0.92168,0.92408,0.89545,0.79024,0.84404,0.72234,0.7924,0.56929,0.81676,0.89718,0.89474,0.94746,1,0.80394,0.82454,0.77564,0.79715,0.84905,0.84931,0.80972,0.79808,0.73852,0.74559,0.79192,0.80652,0.87122,0.90313,0.85958,0.83244,0.84321,0.82935,0.79735,0.76053,0.79516,0.70243,0.32357,0.5946,0.81948,0.79967,0.8048,0.78642,0.90247,0.90413,0.92224,0.91757,0.82439,0.89975,0.72802,0.73889,0.86698,0.87527,0.86678,0.88761,0.92771,0.92463,0.86635,0.87529,0.90121,0.90113,0.88128,0.89194,0.68756,0.8122,0.35222,0.74575,0.51608,0.4939,0.818,0.78254,0.81633,0.85998,0.61114,0.79527,0.52432,0.73254,0.53883,0.59588,0.50985,0.37239,-0.038768,0.67723,0.62224,0.69321,0.41027,0.52666,0.52896,0.093564
0.94134,0.92514,0.86242,0.84992,0.88334,0.84636,0.87409,0.84918,0.91136,0.87985,0.86924,0.86773,0.89534,0.88067,0.87394,0.86416,0.92671,0.89738,0.86603,0.87859,0.86906,0.84504,0.85411,0.83884,0.81561,0.86591,0.85418,0.83496,0.89009,0.88419,0.86628,0.85572,0.87501,0.88978,0.82873,0.91138,0.72781,0.86218,0.90299,0.91529,0.89133,0.80394,1,0.99459,0.94711,0.95596,0.98211,0.98424,0.95046,0.94112,0.91658,0.89403,0.92914,0.93828,0.94395,0.94107,0.94032,0.93552,0.94576,0.93803,0.87677,0.82027,0.85563,0.76988,0.46543,0.71267,0.96306,0.95461,0.92974,0.92483,0.80465,0.83097,0.74329,0.73954,0.70727,0.76762,0.64038,0.60443,0.94361,0.92551,0.93238,0.94014,0.88559,0.90547,0.90922,0.91254,0.8407,0.85102,0.90225,0.91282,0.72569,0.82556,0.22731,0.64884,0.5819,0.52564,0.82811,0.80314,0.81141,0.85797,0.44398,0.68051,0.36317,0.64032,0.37079,0.44011,0.31956,0.40178,0.13531,0.66712,0.65606,0.73355,0.36551,0.41775,0.40799,0.080186
